  0.43058271385332092       0.28225260021443399       0.19683104444509206       0.19683104444509206       0.19683104444509206       0.19683104444509206       0.19683104444509206       0.10296824804612524     
  0.43058271385332092       0.28225260021443399       0.19683104444509206       0.19683104444509206       0.19683104444509206       0.19683104444509206       0.19683104444509206       0.10296824804612524     
  0.43058271385332092       0.28225260021443399       0.19683104444509206       0.19683104444509206       0.19683104444509206       0.19683104444509206       0.19683104444509206       0.10296824804612524     
  0.24679706176000002       0.14255224227404109        9.3042027931279289E-002   9.3042027931279289E-002   9.3042027931279289E-002   9.3042027931279289E-002   9.3042027931279289E-002   4.5472426261437847E-002
  0.24679706176000002       0.14255224227404109        9.3042027931279289E-002   9.3042027931279289E-002   9.3042027931279289E-002   9.3042027931279289E-002   9.3042027931279289E-002   4.5472426261437847E-002
  0.24679706176000002       0.14255224227404109        9.3042027931279289E-002   9.3042027931279289E-002   9.3042027931279289E-002   9.3042027931279289E-002   9.3042027931279289E-002   4.5472426261437847E-002
  0.24679706176000002       0.14255224227404109        9.3042027931279289E-002   9.3042027931279289E-002   9.3042027931279289E-002   9.3042027931279289E-002   9.3042027931279289E-002   4.5472426261437847E-002
  0.24679706176000002       0.14255224227404109        9.3042027931279289E-002   9.3042027931279289E-002   9.3042027931279289E-002   9.3042027931279289E-002   9.3042027931279289E-002   4.5472426261437847E-002
  0.24679706176000002       0.14255224227404109        9.3042027931279289E-002   9.3042027931279289E-002   9.3042027931279289E-002   9.3042027931279289E-002   9.3042027931279289E-002   4.5472426261437847E-002
  0.24679706176000002       0.14255224227404109        9.3042027931279289E-002   9.3042027931279289E-002   9.3042027931279289E-002   9.3042027931279289E-002   9.3042027931279289E-002   4.5472426261437847E-002
  0.24679706176000002       0.14255224227404109        9.3042027931279289E-002   9.3042027931279289E-002   9.3042027931279289E-002   9.3042027931279289E-002   9.3042027931279289E-002   4.5472426261437847E-002
  0.24679706176000002       0.14255224227404109        9.3042027931279289E-002   9.3042027931279289E-002   9.3042027931279289E-002   9.3042027931279289E-002   9.3042027931279289E-002   4.5472426261437847E-002
  0.24679706176000002       0.14255224227404109        9.3042027931279289E-002   9.3042027931279289E-002   9.3042027931279289E-002   9.3042027931279289E-002   9.3042027931279289E-002   4.5472426261437847E-002
  0.24679706176000002       0.14255224227404109        9.3042027931279289E-002   9.3042027931279289E-002   9.3042027931279289E-002   9.3042027931279289E-002   9.3042027931279289E-002   4.5472426261437847E-002
  0.24679706176000002       0.14255224227404109        9.3042027931279289E-002   9.3042027931279289E-002   9.3042027931279289E-002   9.3042027931279289E-002   9.3042027931279289E-002   4.5472426261437847E-002
  0.24679706176000002       0.14255224227404109        9.3042027931279289E-002   9.3042027931279289E-002   9.3042027931279289E-002   9.3042027931279289E-002   9.3042027931279289E-002   4.5472426261437847E-002
