  0.89999999989882751       0.89999999988805957       0.89999999987609447       0.89999999983074819       0.89999999978967749       0.89999999973580147       0.89999999973580147       0.89999999966287136       0.89999999961630561       0.89999999961630561       0.89999999917484808       0.89999999917484808       0.89999999876896486       0.89999999580875090     
  0.88801587531397341       0.88675830272969591       0.88536518746364490       0.88012958179902046       0.87544087518959146       0.86936069739028921       0.86936069739028921       0.86126734331221633       0.85618044656436798       0.85618044656436798       0.81076404038171634       0.81076404038171634       0.77305438492275669       0.57724476920534895     
  0.87107561030006164       0.86810423412436588       0.86482643184706642       0.85263616064507164       0.84188833625769788       0.82818289332969908       0.82818289332969908       0.81033430477145318       0.79933999665616551       0.79933999665616551       0.70820851433672283       0.70820851433672283       0.64100482173055773       0.37882949096018215     
  0.82075479973486376       0.81312954880746358       0.80482162126729839       0.77484476238315292       0.74955911203420422       0.71876577214573778       0.71876577214573778       0.68091746820032806       0.65877850152578377       0.65877850152578377       0.50351242880107117       0.50351242880107117       0.41382207200837823       0.17999095051082001     
  0.82075479973486376       0.81312954880746358       0.80482162126729839       0.77484476238315292       0.74955911203420422       0.71876577214573778       0.71876577214573778       0.68091746820032806       0.65877850152578377       0.65877850152578377       0.50351242880107117       0.50351242880107117       0.41382207200837823       0.17999095051082001     
  0.82075479973486376       0.81312954880746358       0.80482162126729839       0.77484476238315292       0.74955911203420422       0.71876577214573778       0.71876577214573778       0.68091746820032806       0.65877850152578377       0.65877850152578377       0.50351242880107117       0.50351242880107117       0.41382207200837823       0.17999095051082001     
  0.74451898280612316       0.73106792326623860       0.71668129142345838       0.66698159206058660       0.62756593059365084       0.58238307196634520       0.58238307196634520       0.53068740344025345       0.50223547842634853       0.50223547842634853       0.33294077022492780       0.33294077022492780       0.25415751560648753        9.3242454748933487E-002
  0.74451898280612316       0.73106792326623860       0.71668129142345838       0.66698159206058660       0.62756593059365084       0.58238307196634520       0.58238307196634520       0.53068740344025345       0.50223547842634853       0.50223547842634853       0.33294077022492780       0.33294077022492780       0.25415751560648753        9.3242454748933487E-002
  0.74451898280612316       0.73106792326623860       0.71668129142345838       0.66698159206058660       0.62756593059365084       0.58238307196634520       0.58238307196634520       0.53068740344025345       0.50223547842634853       0.50223547842634853       0.33294077022492780       0.33294077022492780       0.25415751560648753        9.3242454748933487E-002
  0.69449167769714859       0.67800312671122653       0.66057737498443170       0.60199202271374164       0.55723268111812319       0.50767731322679832       0.50767731322679832       0.45315190185667237       0.42408348114453331       0.42408348114453331       0.26366977187213303       0.26366977187213303       0.19562329314985052        6.7873355465713228E-002
  0.69449167769714859       0.67800312671122653       0.66057737498443170       0.60199202271374164       0.55723268111812319       0.50767731322679832       0.50767731322679832       0.45315190185667237       0.42408348114453331       0.42408348114453331       0.26366977187213303       0.26366977187213303       0.19562329314985052        6.7873355465713228E-002
  0.69449167769714859       0.67800312671122653       0.66057737498443170       0.60199202271374164       0.55723268111812319       0.50767731322679832       0.50767731322679832       0.45315190185667237       0.42408348114453331       0.42408348114453331       0.26366977187213303       0.26366977187213303       0.19562329314985052        6.7873355465713228E-002
  0.63507702283568812       0.61577240336551720       0.59565454941148244       0.53007918916163488       0.48201832730030697       0.43074610553412557       0.43074610553412557       0.37655281695480974       0.34856513182835364       0.34856513182835364       0.20444569491808307       0.20444569491808307       0.14812557082120958        4.9225859580913710E-002
  0.63507702283568812       0.61577240336551720       0.59565454941148244       0.53007918916163488       0.48201832730030697       0.43074610553412557       0.43074610553412557       0.37655281695480974       0.34856513182835364       0.34856513182835364       0.20444569491808307       0.20444569491808307       0.14812557082120958        4.9225859580913710E-002
  0.63507702283568812       0.61577240336551720       0.59565454941148244       0.53007918916163488       0.48201832730030697       0.43074610553412557       0.43074610553412557       0.37655281695480974       0.34856513182835364       0.34856513182835364       0.20444569491808307       0.20444569491808307       0.14812557082120958        4.9225859580913710E-002
  0.56492747031395241       0.54338154757106494       0.52129107365725869       0.45175063388001246       0.40305367782900581       0.35308556192011942       0.35308556192011942       0.30236714437530493       0.27697575655451184       0.27697575655451184       0.15418000098545190       0.15418000098545190       0.10952648275221721        3.5192145668314523E-002
  0.56492747031395241       0.54338154757106494       0.52129107365725869       0.45175063388001246       0.40305367782900581       0.35308556192011942       0.35308556192011942       0.30236714437530493       0.27697575655451184       0.27697575655451184       0.15418000098545190       0.15418000098545190       0.10952648275221721        3.5192145668314523E-002
  0.56492747031395241       0.54338154757106494       0.52129107365725869       0.45175063388001246       0.40305367782900581       0.35308556192011942       0.35308556192011942       0.30236714437530493       0.27697575655451184       0.27697575655451184       0.15418000098545190       0.15418000098545190       0.10952648275221721        3.5192145668314523E-002
  0.48262913196247270       0.45991375678211449       0.43705789059332095       0.36783994589698510       0.32169670147833507       0.27620872697434229       0.27620872697434229       0.23185179784721222       0.21029825403819119       0.21029825403819119       0.11176081784933255       0.11176081784933255        7.8106125053976364E-002   2.4437173272656581E-002
  0.48262913196247270       0.45991375678211449       0.43705789059332095       0.36783994589698510       0.32169670147833507       0.27620872697434229       0.27620872697434229       0.23185179784721222       0.21029825403819119       0.21029825403819119       0.11176081784933255       0.11176081784933255        7.8106125053976364E-002   2.4437173272656581E-002
  0.48262913196247270       0.45991375678211449       0.43705789059332095       0.36783994589698510       0.32169670147833507       0.27620872697434229       0.27620872697434229       0.23185179784721222       0.21029825403819119       0.21029825403819119       0.11176081784933255       0.11176081784933255        7.8106125053976364E-002   2.4437173272656581E-002
  0.48262913196247270       0.45991375678211449       0.43705789059332095       0.36783994589698510       0.32169670147833507       0.27620872697434229       0.27620872697434229       0.23185179784721222       0.21029825403819119       0.21029825403819119       0.11176081784933255       0.11176081784933255        7.8106125053976364E-002   2.4437173272656581E-002
  0.48262913196247270       0.45991375678211449       0.43705789059332095       0.36783994589698510       0.32169670147833507       0.27620872697434229       0.27620872697434229       0.23185179784721222       0.21029825403819119       0.21029825403819119       0.11176081784933255       0.11176081784933255        7.8106125053976364E-002   2.4437173272656581E-002
  0.48262913196247270       0.45991375678211449       0.43705789059332095       0.36783994589698510       0.32169670147833507       0.27620872697434229       0.27620872697434229       0.23185179784721222       0.21029825403819119       0.21029825403819119       0.11176081784933255       0.11176081784933255        7.8106125053976364E-002   2.4437173272656581E-002
  0.48262913196247270       0.45991375678211449       0.43705789059332095       0.36783994589698510       0.32169670147833507       0.27620872697434229       0.27620872697434229       0.23185179784721222       0.21029825403819119       0.21029825403819119       0.11176081784933255       0.11176081784933255        7.8106125053976364E-002   2.4437173272656581E-002
  0.38660249914354078       0.36446007873463543       0.34265442525554973       0.27936517423174223       0.23932914680745584       0.20143121997149774       0.20143121997149774       0.16588941162993701       0.14909951611640238       0.14909951611640238        7.6074483599148507E-002   7.6074483599148507E-002   5.2450989212040271E-002   1.6065827205907317E-002
  0.38660249914354078       0.36446007873463543       0.34265442525554973       0.27936517423174223       0.23932914680745584       0.20143121997149774       0.20143121997149774       0.16588941162993701       0.14909951611640238       0.14909951611640238        7.6074483599148507E-002   7.6074483599148507E-002   5.2450989212040271E-002   1.6065827205907317E-002
  0.38660249914354078       0.36446007873463543       0.34265442525554973       0.27936517423174223       0.23932914680745584       0.20143121997149774       0.20143121997149774       0.16588941162993701       0.14909951611640238       0.14909951611640238        7.6074483599148507E-002   7.6074483599148507E-002   5.2450989212040271E-002   1.6065827205907317E-002
  0.38660249914354078       0.36446007873463543       0.34265442525554973       0.27936517423174223       0.23932914680745584       0.20143121997149774       0.20143121997149774       0.16588941162993701       0.14909951611640238       0.14909951611640238        7.6074483599148507E-002   7.6074483599148507E-002   5.2450989212040271E-002   1.6065827205907317E-002
  0.38660249914354078       0.36446007873463543       0.34265442525554973       0.27936517423174223       0.23932914680745584       0.20143121997149774       0.20143121997149774       0.16588941162993701       0.14909951611640238       0.14909951611640238        7.6074483599148507E-002   7.6074483599148507E-002   5.2450989212040271E-002   1.6065827205907317E-002
  0.38660249914354078       0.36446007873463543       0.34265442525554973       0.27936517423174223       0.23932914680745584       0.20143121997149774       0.20143121997149774       0.16588941162993701       0.14909951611640238       0.14909951611640238        7.6074483599148507E-002   7.6074483599148507E-002   5.2450989212040271E-002   1.6065827205907317E-002
  0.38660249914354078       0.36446007873463543       0.34265442525554973       0.27936517423174223       0.23932914680745584       0.20143121997149774       0.20143121997149774       0.16588941162993701       0.14909951611640238       0.14909951611640238        7.6074483599148507E-002   7.6074483599148507E-002   5.2450989212040271E-002   1.6065827205907317E-002
  0.38660249914354078       0.36446007873463543       0.34265442525554973       0.27936517423174223       0.23932914680745584       0.20143121997149774       0.20143121997149774       0.16588941162993701       0.14909951611640238       0.14909951611640238        7.6074483599148507E-002   7.6074483599148507E-002   5.2450989212040271E-002   1.6065827205907317E-002
  0.38660249914354078       0.36446007873463543       0.34265442525554973       0.27936517423174223       0.23932914680745584       0.20143121997149774       0.20143121997149774       0.16588941162993701       0.14909951611640238       0.14909951611640238        7.6074483599148507E-002   7.6074483599148507E-002   5.2450989212040271E-002   1.6065827205907317E-002
  0.27523963488920450       0.25629139478222157       0.23808039157224731       0.18760471847786894       0.15738422919752409       0.12991079447727702       0.12991079447727702       0.10509007301009206        9.3668598016895949E-002   9.3668598016895949E-002   4.6124554175036060E-002   4.6124554175036060E-002   3.1446479575671656E-002   9.4693166907237024E-003
  0.27523963488920450       0.25629139478222157       0.23808039157224731       0.18760471847786894       0.15738422919752409       0.12991079447727702       0.12991079447727702       0.10509007301009206        9.3668598016895949E-002   9.3668598016895949E-002   4.6124554175036060E-002   4.6124554175036060E-002   3.1446479575671656E-002   9.4693166907237024E-003
  0.27523963488920450       0.25629139478222157       0.23808039157224731       0.18760471847786894       0.15738422919752409       0.12991079447727702       0.12991079447727702       0.10509007301009206        9.3668598016895949E-002   9.3668598016895949E-002   4.6124554175036060E-002   4.6124554175036060E-002   3.1446479575671656E-002   9.4693166907237024E-003
  0.27523963488920450       0.25629139478222157       0.23808039157224731       0.18760471847786894       0.15738422919752409       0.12991079447727702       0.12991079447727702       0.10509007301009206        9.3668598016895949E-002   9.3668598016895949E-002   4.6124554175036060E-002   4.6124554175036060E-002   3.1446479575671656E-002   9.4693166907237024E-003
  0.27523963488920450       0.25629139478222157       0.23808039157224731       0.18760471847786894       0.15738422919752409       0.12991079447727702       0.12991079447727702       0.10509007301009206        9.3668598016895949E-002   9.3668598016895949E-002   4.6124554175036060E-002   4.6124554175036060E-002   3.1446479575671656E-002   9.4693166907237024E-003
  0.27523963488920450       0.25629139478222157       0.23808039157224731       0.18760471847786894       0.15738422919752409       0.12991079447727702       0.12991079447727702       0.10509007301009206        9.3668598016895949E-002   9.3668598016895949E-002   4.6124554175036060E-002   4.6124554175036060E-002   3.1446479575671656E-002   9.4693166907237024E-003
  0.27523963488920450       0.25629139478222157       0.23808039157224731       0.18760471847786894       0.15738422919752409       0.12991079447727702       0.12991079447727702       0.10509007301009206        9.3668598016895949E-002   9.3668598016895949E-002   4.6124554175036060E-002   4.6124554175036060E-002   3.1446479575671656E-002   9.4693166907237024E-003
  0.27523963488920450       0.25629139478222157       0.23808039157224731       0.18760471847786894       0.15738422919752409       0.12991079447727702       0.12991079447727702       0.10509007301009206        9.3668598016895949E-002   9.3668598016895949E-002   4.6124554175036060E-002   4.6124554175036060E-002   3.1446479575671656E-002   9.4693166907237024E-003
  0.27523963488920450       0.25629139478222157       0.23808039157224731       0.18760471847786894       0.15738422919752409       0.12991079447727702       0.12991079447727702       0.10509007301009206        9.3668598016895949E-002   9.3668598016895949E-002   4.6124554175036060E-002   4.6124554175036060E-002   3.1446479575671656E-002   9.4693166907237024E-003
  0.27523963488920450       0.25629139478222157       0.23808039157224731       0.18760471847786894       0.15738422919752409       0.12991079447727702       0.12991079447727702       0.10509007301009206        9.3668598016895949E-002   9.3668598016895949E-002   4.6124554175036060E-002   4.6124554175036060E-002   3.1446479575671656E-002   9.4693166907237024E-003
  0.27523963488920450       0.25629139478222157       0.23808039157224731       0.18760471847786894       0.15738422919752409       0.12991079447727702       0.12991079447727702       0.10509007301009206        9.3668598016895949E-002   9.3668598016895949E-002   4.6124554175036060E-002   4.6124554175036060E-002   3.1446479575671656E-002   9.4693166907237024E-003
  0.27523963488920450       0.25629139478222157       0.23808039157224731       0.18760471847786894       0.15738422919752409       0.12991079447727702       0.12991079447727702       0.10509007301009206        9.3668598016895949E-002   9.3668598016895949E-002   4.6124554175036060E-002   4.6124554175036060E-002   3.1446479575671656E-002   9.4693166907237024E-003
  0.27523963488920450       0.25629139478222157       0.23808039157224731       0.18760471847786894       0.15738422919752409       0.12991079447727702       0.12991079447727702       0.10509007301009206        9.3668598016895949E-002   9.3668598016895949E-002   4.6124554175036060E-002   4.6124554175036060E-002   3.1446479575671656E-002   9.4693166907237024E-003
  0.27523963488920450       0.25629139478222157       0.23808039157224731       0.18760471847786894       0.15738422919752409       0.12991079447727702       0.12991079447727702       0.10509007301009206        9.3668598016895949E-002   9.3668598016895949E-002   4.6124554175036060E-002   4.6124554175036060E-002   3.1446479575671656E-002   9.4693166907237024E-003
  0.27523963488920450       0.25629139478222157       0.23808039157224731       0.18760471847786894       0.15738422919752409       0.12991079447727702       0.12991079447727702       0.10509007301009206        9.3668598016895949E-002   9.3668598016895949E-002   4.6124554175036060E-002   4.6124554175036060E-002   3.1446479575671656E-002   9.4693166907237024E-003
  0.27523963488920450       0.25629139478222157       0.23808039157224731       0.18760471847786894       0.15738422919752409       0.12991079447727702       0.12991079447727702       0.10509007301009206        9.3668598016895949E-002   9.3668598016895949E-002   4.6124554175036060E-002   4.6124554175036060E-002   3.1446479575671656E-002   9.4693166907237024E-003
