  0.89272231239998823       0.89272231239998823       0.87819077071492901       0.86750233787494768       0.85353002608437656       0.83506828792361676       0.77698095272455459       0.77698095272455459       0.73171094313902763       0.73171094313902763       0.35277439386807563       0.35277439386807563       0.19148115336235502       0.19148115336235502       0.19148115336235502       0.19148115336235502       0.19148115336235502     
  0.89272231239998823       0.89272231239998823       0.87819077071492901       0.86750233787494768       0.85353002608437656       0.83506828792361676       0.77698095272455459       0.77698095272455459       0.73171094313902763       0.73171094313902763       0.35277439386807563       0.35277439386807563       0.19148115336235502       0.19148115336235502       0.19148115336235502       0.19148115336235502       0.19148115336235502     
  0.88816423654394061       0.88816423654394061       0.86488942237619071       0.84806765562893849       0.82644790337361040       0.79850628553853187       0.71495862476341909       0.71495862476341909       0.65408851736601104       0.65408851736601104       0.25454756004713042       0.25454756004713042       0.12768582090938277       0.12768582090938277       0.12768582090938277       0.12768582090938277       0.12768582090938277     
  0.88816423654394061       0.88816423654394061       0.86488942237619071       0.84806765562893849       0.82644790337361040       0.79850628553853187       0.71495862476341909       0.71495862476341909       0.65408851736601104       0.65408851736601104       0.25454756004713042       0.25454756004713042       0.12768582090938277       0.12768582090938277       0.12768582090938277       0.12768582090938277       0.12768582090938277     
  0.88084210426080578       0.88084210426080578       0.84407510182591272       0.81822391551589846       0.78585228264696128       0.74537422024405242       0.63272875578560106       0.63272875578560106       0.55775726294798766       0.55775726294798766       0.17514869987618401       0.17514869987618401        8.2782688043311653E-002   8.2782688043311653E-002   8.2782688043311653E-002   8.2782688043311653E-002   8.2782688043311653E-002
  0.86939683066373719       0.86939683066373719       0.81283807160261135       0.77469123912250348       0.72869478145011013       0.67378261454545219       0.53455317147178916       0.53455317147178916       0.45156064522250550       0.45156064522250550       0.11691454331238266       0.11691454331238266        5.3012734997905216E-002   5.3012734997905216E-002   5.3012734997905216E-002   5.3012734997905216E-002   5.3012734997905216E-002
  0.82527912533444259       0.82527912533444259       0.70543227853801893       0.63557078827760682       0.56086335005205534       0.48294333403678091       0.32627210693919373       0.32627210693919373       0.25321087648608642       0.25321087648608642        4.9374748605331788E-002   4.9374748605331788E-002   2.1380190834961399E-002   2.1380190834961399E-002   2.1380190834961399E-002   2.1380190834961399E-002   2.1380190834961399E-002
  0.82527912533444259       0.82527912533444259       0.70543227853801893       0.63557078827760682       0.56086335005205534       0.48294333403678091       0.32627210693919373       0.32627210693919373       0.25321087648608642       0.25321087648608642        4.9374748605331788E-002   4.9374748605331788E-002   2.1380190834961399E-002   2.1380190834961399E-002   2.1380190834961399E-002   2.1380190834961399E-002   2.1380190834961399E-002
  0.78452874487987045       0.78452874487987045       0.62138690617995262       0.53688173862848343       0.45386395456801187       0.37439832374287851       0.23324657681489142       0.23324657681489142       0.17467421440040012       0.17467421440040012        3.1027633528362804E-002   3.1027633528362804E-002   1.3273224931775447E-002   1.3273224931775447E-002   1.3273224931775447E-002   1.3273224931775447E-002   1.3273224931775447E-002
  0.78452874487987045       0.78452874487987045       0.62138690617995262       0.53688173862848343       0.45386395456801187       0.37439832374287851       0.23324657681489142       0.23324657681489142       0.17467421440040012       0.17467421440040012        3.1027633528362804E-002   3.1027633528362804E-002   1.3273224931775447E-002   1.3273224931775447E-002   1.3273224931775447E-002   1.3273224931775447E-002   1.3273224931775447E-002
  0.78452874487987045       0.78452874487987045       0.62138690617995262       0.53688173862848343       0.45386395456801187       0.37439832374287851       0.23324657681489142       0.23324657681489142       0.17467421440040012       0.17467421440040012        3.1027633528362804E-002   3.1027633528362804E-002   1.3273224931775447E-002   1.3273224931775447E-002   1.3273224931775447E-002   1.3273224931775447E-002   1.3273224931775447E-002
  0.78452874487987045       0.78452874487987045       0.62138690617995262       0.53688173862848343       0.45386395456801187       0.37439832374287851       0.23324657681489142       0.23324657681489142       0.17467421440040012       0.17467421440040012        3.1027633528362804E-002   3.1027633528362804E-002   1.3273224931775447E-002   1.3273224931775447E-002   1.3273224931775447E-002   1.3273224931775447E-002   1.3273224931775447E-002
  0.78452874487987045       0.78452874487987045       0.62138690617995262       0.53688173862848343       0.45386395456801187       0.37439832374287851       0.23324657681489142       0.23324657681489142       0.17467421440040012       0.17467421440040012        3.1027633528362804E-002   3.1027633528362804E-002   1.3273224931775447E-002   1.3273224931775447E-002   1.3273224931775447E-002   1.3273224931775447E-002   1.3273224931775447E-002
  0.72172040715400743       0.72172040715400743       0.51355181940590233       0.42152441843208199       0.33965903647837914       0.26816983752155416       0.15523857020525483       0.15523857020525483       0.11293731210448019       0.11293731210448019        1.8748856643428208E-002   1.8748856643428208E-002   7.9561917153052799E-003   7.9561917153052799E-003   7.9561917153052799E-003   7.9561917153052799E-003   7.9561917153052799E-003
  0.72172040715400743       0.72172040715400743       0.51355181940590233       0.42152441843208199       0.33965903647837914       0.26816983752155416       0.15523857020525483       0.15523857020525483       0.11293731210448019       0.11293731210448019        1.8748856643428208E-002   1.8748856643428208E-002   7.9561917153052799E-003   7.9561917153052799E-003   7.9561917153052799E-003   7.9561917153052799E-003   7.9561917153052799E-003
  0.27140953347164187       0.27140953347164187       0.11172733700238202        7.7302424614493451E-002   5.4653202942492839E-002   3.8977500528390586E-002   1.9573366587613453E-002   1.9573366587613453E-002   1.3566387868052891E-002   1.3566387868052891E-002   2.0376199638401757E-003   2.0376199638401757E-003   8.5533948554541832E-004   8.5533948554541832E-004   8.5533948554541832E-004   8.5533948554541832E-004   8.5533948554541832E-004
