  0.76503472616571377       0.76503472616571377       0.69504628809344926       0.69504628809344926       0.69504628809344926       0.49471930622157489       0.49471930622157489       0.49471930622157489       0.35914264978611876       0.35914264978611876       0.35914264978611876       0.35914264978611876       0.19556649448400862       0.19556649448400862       0.19556649448400862       0.19556649448400862       0.19556649448400862       0.19556649448400862       0.19556649448400862       0.19556649448400862     
  0.73178040759064389       0.73178040759064389       0.65017860005372419       0.65017860005372419       0.65017860005372419       0.43531658168074971       0.43531658168074971       0.43531658168074971       0.30381554125544941       0.30381554125544941       0.30381554125544941       0.30381554125544941       0.15807390697070112       0.15807390697070112       0.15807390697070112       0.15807390697070112       0.15807390697070112       0.15807390697070112       0.15807390697070112       0.15807390697070112     
  0.69067583360073947       0.69067583360073947       0.59738030448753454       0.59738030448753454       0.59738030448753454       0.37385548795432172       0.37385548795432172       0.37385548795432172       0.25089623810952394       0.25089623810952394       0.25089623810952394       0.25089623810952394       0.12520881102990664       0.12520881102990664       0.12520881102990664       0.12520881102990664       0.12520881102990664       0.12520881102990664       0.12520881102990664       0.12520881102990664     
  0.69067583360073947       0.69067583360073947       0.59738030448753454       0.59738030448753454       0.59738030448753454       0.37385548795432172       0.37385548795432172       0.37385548795432172       0.25089623810952394       0.25089623810952394       0.25089623810952394       0.25089623810952394       0.12520881102990664       0.12520881102990664       0.12520881102990664       0.12520881102990664       0.12520881102990664       0.12520881102990664       0.12520881102990664       0.12520881102990664     
  0.63974801928351310       0.63974801928351310       0.53572559225572947       0.53572559225572947       0.53572559225572947       0.31152211492942877       0.31152211492942877       0.31152211492942877       0.20122336545803152       0.20122336545803152       0.20122336545803152       0.20122336545803152        9.6712227966625888E-002   9.6712227966625888E-002   9.6712227966625888E-002   9.6712227966625888E-002   9.6712227966625888E-002   9.6712227966625888E-002   9.6712227966625888E-002   9.6712227966625888E-002
  0.63974801928351310       0.63974801928351310       0.53572559225572947       0.53572559225572947       0.53572559225572947       0.31152211492942877       0.31152211492942877       0.31152211492942877       0.20122336545803152       0.20122336545803152       0.20122336545803152       0.20122336545803152        9.6712227966625888E-002   9.6712227966625888E-002   9.6712227966625888E-002   9.6712227966625888E-002   9.6712227966625888E-002   9.6712227966625888E-002   9.6712227966625888E-002   9.6712227966625888E-002
  0.49971228005139035       0.49971228005139035       0.38479359469251873       0.38479359469251873       0.38479359469251873       0.19068991261257240       0.19068991261257240       0.19068991261257240       0.11482566661101425       0.11482566661101425       0.11482566661101425       0.11482566661101425        5.1857537889721583E-002   5.1857537889721583E-002   5.1857537889721583E-002   5.1857537889721583E-002   5.1857537889721583E-002   5.1857537889721583E-002   5.1857537889721583E-002   5.1857537889721583E-002
  0.29242344657660790       0.29242344657660790       0.20121256288512029       0.20121256288512029       0.20121256288512029        8.4521558573411246E-002   8.4521558573411246E-002   8.4521558573411246E-002   4.8035027244701073E-002   4.8035027244701073E-002   4.8035027244701073E-002   4.8035027244701073E-002   2.0726710352419592E-002   2.0726710352419592E-002   2.0726710352419592E-002   2.0726710352419592E-002   2.0726710352419592E-002   2.0726710352419592E-002   2.0726710352419592E-002   2.0726710352419592E-002
  0.29242344657660790       0.29242344657660790       0.20121256288512029       0.20121256288512029       0.20121256288512029        8.4521558573411246E-002   8.4521558573411246E-002   8.4521558573411246E-002   4.8035027244701073E-002   4.8035027244701073E-002   4.8035027244701073E-002   4.8035027244701073E-002   2.0726710352419592E-002   2.0726710352419592E-002   2.0726710352419592E-002   2.0726710352419592E-002   2.0726710352419592E-002   2.0726710352419592E-002   2.0726710352419592E-002   2.0726710352419592E-002
  0.15780743966430627       0.15780743966430627       0.10156607890750066       0.10156607890750066       0.10156607890750066        3.9405191008069711E-002   3.9405191008069711E-002   3.9405191008069711E-002   2.1872263615452529E-002   2.1872263615452529E-002   2.1872263615452529E-002   2.1872263615452529E-002   9.2757598789903889E-003   9.2757598789903889E-003   9.2757598789903889E-003   9.2757598789903889E-003   9.2757598789903889E-003   9.2757598789903889E-003   9.2757598789903889E-003   9.2757598789903889E-003
