  0.94489412654380056       0.91360251017826188       0.70191792054497748       0.70191792054497748       0.55330964756107348       0.55330964756107348       0.55330964756107348       0.55330964756107348       0.55330964756107348       0.33010843229365472       0.33010843229365472       0.33010843229365472       0.33010843229365472       0.33010843229365472       0.33010843229365472       0.33010843229365472       0.33010843229365472       0.33010843229365472     
  0.87998047412321634       0.81889303869666774       0.50171906433581448       0.50171906433581448       0.34626014190999932       0.34626014190999932       0.34626014190999932       0.34626014190999932       0.34626014190999932       0.17403931030374536       0.17403931030374536       0.17403931030374536       0.17403931030374536       0.17403931030374536       0.17403931030374536       0.17403931030374536       0.17403931030374536       0.17403931030374536     
  0.84015870677268389       0.76423319780069210       0.41922403410024500       0.41922403410024500       0.27520849450540763       0.27520849450540763       0.27520849450540763       0.27520849450540763       0.27520849450540763       0.13123285067695276       0.13123285067695276       0.13123285067695276       0.13123285067695276       0.13123285067695276       0.13123285067695276       0.13123285067695276       0.13123285067695276       0.13123285067695276     
  0.84015870677268389       0.76423319780069210       0.41922403410024500       0.41922403410024500       0.27520849450540763       0.27520849450540763       0.27520849450540763       0.27520849450540763       0.27520849450540763       0.13123285067695276       0.13123285067695276       0.13123285067695276       0.13123285067695276       0.13123285067695276       0.13123285067695276       0.13123285067695276       0.13123285067695276       0.13123285067695276     
  0.69326459989639366       0.58225726831292868       0.23686532601116389       0.23686532601116389       0.14035576566802505       0.14035576566802505       0.14035576566802505       0.14035576566802505       0.14035576566802505        6.0991782892032019E-002   6.0991782892032019E-002   6.0991782892032019E-002   6.0991782892032019E-002   6.0991782892032019E-002   6.0991782892032019E-002   6.0991782892032019E-002   6.0991782892032019E-002   6.0991782892032019E-002
  0.69326459989639366       0.58225726831292868       0.23686532601116389       0.23686532601116389       0.14035576566802505       0.14035576566802505       0.14035576566802505       0.14035576566802505       0.14035576566802505        6.0991782892032019E-002   6.0991782892032019E-002   6.0991782892032019E-002   6.0991782892032019E-002   6.0991782892032019E-002   6.0991782892032019E-002   6.0991782892032019E-002   6.0991782892032019E-002   6.0991782892032019E-002
  0.55379760057364424       0.43355704160195080       0.14562412567479951       0.14562412567479951        8.2281991341339886E-002   8.2281991341339886E-002   8.2281991341339886E-002   8.2281991341339886E-002   8.2281991341339886E-002   3.4440161729272792E-002   3.4440161729272792E-002   3.4440161729272792E-002   3.4440161729272792E-002   3.4440161729272792E-002   3.4440161729272792E-002   3.4440161729272792E-002   3.4440161729272792E-002   3.4440161729272792E-002
  0.55379760057364424       0.43355704160195080       0.14562412567479951       0.14562412567479951        8.2281991341339886E-002   8.2281991341339886E-002   8.2281991341339886E-002   8.2281991341339886E-002   8.2281991341339886E-002   3.4440161729272792E-002   3.4440161729272792E-002   3.4440161729272792E-002   3.4440161729272792E-002   3.4440161729272792E-002   3.4440161729272792E-002   3.4440161729272792E-002   3.4440161729272792E-002   3.4440161729272792E-002
  0.33349015945115329       0.23580438723284713        6.4295468335181183E-002   6.4295468335181183E-002   3.4884469810242687E-002   3.4884469810242687E-002   3.4884469810242687E-002   3.4884469810242687E-002   3.4884469810242687E-002   1.4175643973559788E-002   1.4175643973559788E-002   1.4175643973559788E-002   1.4175643973559788E-002   1.4175643973559788E-002   1.4175643973559788E-002   1.4175643973559788E-002   1.4175643973559788E-002   1.4175643973559788E-002
  0.33349015945115329       0.23580438723284713        6.4295468335181183E-002   6.4295468335181183E-002   3.4884469810242687E-002   3.4884469810242687E-002   3.4884469810242687E-002   3.4884469810242687E-002   3.4884469810242687E-002   1.4175643973559788E-002   1.4175643973559788E-002   1.4175643973559788E-002   1.4175643973559788E-002   1.4175643973559788E-002   1.4175643973559788E-002   1.4175643973559788E-002   1.4175643973559788E-002   1.4175643973559788E-002
  0.33349015945115329       0.23580438723284713        6.4295468335181183E-002   6.4295468335181183E-002   3.4884469810242687E-002   3.4884469810242687E-002   3.4884469810242687E-002   3.4884469810242687E-002   3.4884469810242687E-002   1.4175643973559788E-002   1.4175643973559788E-002   1.4175643973559788E-002   1.4175643973559788E-002   1.4175643973559788E-002   1.4175643973559788E-002   1.4175643973559788E-002   1.4175643973559788E-002   1.4175643973559788E-002
