  0.89982516494309195       0.89868371594351026       0.89807541297163218       0.89724876034582113       0.89457831080882200       0.89242040800886335       0.84452251323430294       0.80528684705940345       0.16935239419339024     
  0.89982516494309195       0.89868371594351026       0.89807541297163218       0.89724876034582113       0.89457831080882200       0.89242040800886335       0.84452251323430294       0.80528684705940345       0.16935239419339024     
  0.89982516494309195       0.89868371594351026       0.89807541297163218       0.89724876034582113       0.89457831080882200       0.89242040800886335       0.84452251323430294       0.80528684705940345       0.16935239419339024     
  0.89982516494309195       0.89868371594351026       0.89807541297163218       0.89724876034582113       0.89457831080882200       0.89242040800886335       0.84452251323430294       0.80528684705940345       0.16935239419339024     
  0.89982516494309195       0.89868371594351026       0.89807541297163218       0.89724876034582113       0.89457831080882200       0.89242040800886335       0.84452251323430294       0.80528684705940345       0.16935239419339024     
  0.89852804454679092       0.88902138141720954       0.88402712850544551       0.87731881705994974       0.85624698371691699       0.83985838293060111       0.57920357222938645       0.45188977193428709        2.4079931836766964E-002
  0.89468921261090650       0.86145298631716494       0.84469779425387115       0.82291223310097816       0.75939511015880523       0.71458440223201125       0.29931331414403245       0.19594372060986315        6.7768375884232164E-003
  0.89468921261090650       0.86145298631716494       0.84469779425387115       0.82291223310097816       0.75939511015880523       0.71458440223201125       0.29931331414403245       0.19594372060986315        6.7768375884232164E-003
  0.88539581495382069       0.80046931650040942       0.76146913526643367       0.71411198325461922       0.59425534475198361       0.52294642044377104       0.13684732638489280        8.1933148435682404E-002   2.4505991434607181E-003
  0.88539581495382069       0.80046931650040942       0.76146913526643367       0.71411198325461922       0.59425534475198361       0.52294642044377104       0.13684732638489280        8.1933148435682404E-002   2.4505991434607181E-003
  0.88539581495382069       0.80046931650040942       0.76146913526643367       0.71411198325461922       0.59425534475198361       0.52294642044377104       0.13684732638489280        8.1933148435682404E-002   2.4505991434607181E-003
  0.88539581495382069       0.80046931650040942       0.76146913526643367       0.71411198325461922       0.59425534475198361       0.52294642044377104       0.13684732638489280        8.1933148435682404E-002   2.4505991434607181E-003
  0.86656698550756006       0.69722342312690755       0.63134518158872199       0.55940173940289784       0.40845487276330772       0.33501173273347379        6.4084601891597232E-002   3.6954800048382010E-002   1.0493400668519161E-003
  0.86656698550756006       0.69722342312690755       0.63134518158872199       0.55940173940289784       0.40845487276330772       0.33501173273347379        6.4084601891597232E-002   3.6954800048382010E-002   1.0493400668519161E-003
  0.86656698550756006       0.69722342312690755       0.63134518158872199       0.55940173940289784       0.40845487276330772       0.33501173273347379        6.4084601891597232E-002   3.6954800048382010E-002   1.0493400668519161E-003
  0.86656698550756006       0.69722342312690755       0.63134518158872199       0.55940173940289784       0.40845487276330772       0.33501173273347379        6.4084601891597232E-002   3.6954800048382010E-002   1.0493400668519161E-003
  0.82876784757553401       0.54614589917006851       0.46201792900958238       0.38193825954445448       0.24450195667748117       0.18919212934016733        2.9941266589963936E-002   1.6972346145886399E-002   4.7133059823452653E-004
  0.82876784757553401       0.54614589917006851       0.46201792900958238       0.38193825954445448       0.24450195667748117       0.18919212934016733        2.9941266589963936E-002   1.6972346145886399E-002   4.7133059823452653E-004
  0.74386133810908606       0.34852551756704331       0.27148369700667718       0.20869279056160492       0.11924744359256212        8.8448712891132361E-002   1.2505810769710477E-002   7.0279745833986048E-003   1.9305657783822854E-004
  0.74386133810908606       0.34852551756704331       0.27148369700667718       0.20869279056160492       0.11924744359256212        8.8448712891132361E-002   1.2505810769710477E-002   7.0279745833986048E-003   1.9305657783822854E-004
  0.51986876992446807       0.13820558082833373        9.9285039489994245E-002   7.1773497857852253E-002   3.7802545477874941E-002   2.7303445461210753E-002   3.6258869139483246E-003   2.0287725412117142E-003   5.5428063517486916E-005
  0.51986876992446807       0.13820558082833373        9.9285039489994245E-002   7.1773497857852253E-002   3.7802545477874941E-002   2.7303445461210753E-002   3.6258869139483246E-003   2.0287725412117142E-003   5.5428063517486916E-005
  0.51986876992446807       0.13820558082833373        9.9285039489994245E-002   7.1773497857852253E-002   3.7802545477874941E-002   2.7303445461210753E-002   3.6258869139483246E-003   2.0287725412117142E-003   5.5428063517486916E-005
