  0.86164805151015034       0.84631529279604467       0.84631529279604467       0.82749525502760823       0.80425181949147517       0.73917664488804391       0.73917664488804391       0.63554282474462709     
  0.86164805151015034       0.84631529279604467       0.84631529279604467       0.82749525502760823       0.80425181949147517       0.73917664488804391       0.73917664488804391       0.63554282474462709     
  0.80972758559689118       0.77661000223536825       0.77661000223536825       0.73803033039906218       0.69327148568689811       0.58254180024161950       0.58254180024161950       0.44069187290022016     
  0.80972758559689118       0.77661000223536825       0.77661000223536825       0.73803033039906218       0.69327148568689811       0.58254180024161950       0.58254180024161950       0.44069187290022016     
  0.74083427493540910       0.68902748129560754       0.68902748129560754       0.63249627359695770       0.57155269900586192       0.43898165794108224       0.43898165794108224       0.29914797838948815     
  0.74083427493540910       0.68902748129560754       0.68902748129560754       0.63249627359695770       0.57155269900586192       0.43898165794108224       0.43898165794108224       0.29914797838948815     
  0.74083427493540910       0.68902748129560754       0.68902748129560754       0.63249627359695770       0.57155269900586192       0.43898165794108224       0.43898165794108224       0.29914797838948815     
  0.74083427493540910       0.68902748129560754       0.68902748129560754       0.63249627359695770       0.57155269900586192       0.43898165794108224       0.43898165794108224       0.29914797838948815     
  0.65119070477171059       0.58270273850170284       0.58270273850170284       0.51365601149778972       0.44510984733879827       0.31384288627926965       0.31384288627926965       0.19685042054076779     
  0.65119070477171059       0.58270273850170284       0.58270273850170284       0.51365601149778972       0.44510984733879827       0.31384288627926965       0.31384288627926965       0.19685042054076779     
  0.65119070477171059       0.58270273850170284       0.58270273850170284       0.51365601149778972       0.44510984733879827       0.31384288627926965       0.31384288627926965       0.19685042054076779     
  0.53678889487856218       0.45817626444247117       0.45817626444247117       0.38593748769467562       0.32030467675338431       0.20893823542960266       0.20893823542960266       0.12285516006159068     
  0.53678889487856218       0.45817626444247117       0.45817626444247117       0.38593748769467562       0.32030467675338431       0.20893823542960266       0.20893823542960266       0.12285516006159068     
  0.53678889487856218       0.45817626444247117       0.45817626444247117       0.38593748769467562       0.32030467675338431       0.20893823542960266       0.20893823542960266       0.12285516006159068     
  0.53678889487856218       0.45817626444247117       0.45817626444247117       0.38593748769467562       0.32030467675338431       0.20893823542960266       0.20893823542960266       0.12285516006159068     
  0.39319018463926991       0.31723933244418995       0.31723933244418995       0.25442550481489751       0.20235401789565385       0.12327661475112441       0.12327661475112441        6.8964312209251213E-002
