  0.82638153552116844       0.78481313669194597       0.66316891988645588       0.47101617085021258       0.34110500863961024       0.34110500863961024       0.34110500863961024       0.34110500863961024       0.34110500863961024       0.18490920300823893       0.18490920300823893       0.18490920300823893       0.18490920300823893       0.18490920300823893       0.18490920300823893       0.18490920300823893       0.18490920300823893       0.18490920300823893       0.18490920300823893     
  0.80297356455234159       0.75057781449164418       0.60630872825219517       0.40262265812443948       0.27929379119542486       0.27929379119542486       0.27929379119542486       0.27929379119542486       0.27929379119542486       0.14410418254197399       0.14410418254197399       0.14410418254197399       0.14410418254197399       0.14410418254197399       0.14410418254197399       0.14410418254197399       0.14410418254197399       0.14410418254197399       0.14410418254197399     
  0.80297356455234159       0.75057781449164418       0.60630872825219517       0.40262265812443948       0.27929379119542486       0.27929379119542486       0.27929379119542486       0.27929379119542486       0.27929379119542486       0.14410418254197399       0.14410418254197399       0.14410418254197399       0.14410418254197399       0.14410418254197399       0.14410418254197399       0.14410418254197399       0.14410418254197399       0.14410418254197399       0.14410418254197399     
  0.80297356455234159       0.75057781449164418       0.60630872825219517       0.40262265812443948       0.27929379119542486       0.27929379119542486       0.27929379119542486       0.27929379119542486       0.27929379119542486       0.14410418254197399       0.14410418254197399       0.14410418254197399       0.14410418254197399       0.14410418254197399       0.14410418254197399       0.14410418254197399       0.14410418254197399       0.14410418254197399       0.14410418254197399     
  0.71839738210649984       0.63538052121844091       0.44701291344895921       0.25108946872503773       0.15931002982214049       0.15931002982214049       0.15931002982214049       0.15931002982214049       0.15931002982214049        7.5164608725639681E-002   7.5164608725639681E-002   7.5164608725639681E-002   7.5164608725639681E-002   7.5164608725639681E-002   7.5164608725639681E-002   7.5164608725639681E-002   7.5164608725639681E-002   7.5164608725639681E-002   7.5164608725639681E-002
  0.63885210217383626       0.53780543566092487       0.34107941996683944       0.17377459330145473       0.10565433950526715       0.10565433950526715       0.10565433950526715       0.10565433950526715       0.10565433950526715        4.8012099333116100E-002   4.8012099333116100E-002   4.8012099333116100E-002   4.8012099333116100E-002   4.8012099333116100E-002   4.8012099333116100E-002   4.8012099333116100E-002   4.8012099333116100E-002   4.8012099333116100E-002   4.8012099333116100E-002
  0.63885210217383626       0.53780543566092487       0.34107941996683944       0.17377459330145473       0.10565433950526715       0.10565433950526715       0.10565433950526715       0.10565433950526715       0.10565433950526715        4.8012099333116100E-002   4.8012099333116100E-002   4.8012099333116100E-002   4.8012099333116100E-002   4.8012099333116100E-002   4.8012099333116100E-002   4.8012099333116100E-002   4.8012099333116100E-002   4.8012099333116100E-002   4.8012099333116100E-002
  0.63885210217383626       0.53780543566092487       0.34107941996683944       0.17377459330145473       0.10565433950526715       0.10565433950526715       0.10565433950526715       0.10565433950526715       0.10565433950526715        4.8012099333116100E-002   4.8012099333116100E-002   4.8012099333116100E-002   4.8012099333116100E-002   4.8012099333116100E-002   4.8012099333116100E-002   4.8012099333116100E-002   4.8012099333116100E-002   4.8012099333116100E-002   4.8012099333116100E-002
  0.51116063467483708       0.39942016340292974       0.22225252414429364       0.10254079806077612        6.0036014625440920E-002   6.0036014625440920E-002   6.0036014625440920E-002   6.0036014625440920E-002   6.0036014625440920E-002   2.6453116846486695E-002   2.6453116846486695E-002   2.6453116846486695E-002   2.6453116846486695E-002   2.6453116846486695E-002   2.6453116846486695E-002   2.6453116846486695E-002   2.6453116846486695E-002   2.6453116846486695E-002   2.6453116846486695E-002
  0.51116063467483708       0.39942016340292974       0.22225252414429364       0.10254079806077612        6.0036014625440920E-002   6.0036014625440920E-002   6.0036014625440920E-002   6.0036014625440920E-002   6.0036014625440920E-002   2.6453116846486695E-002   2.6453116846486695E-002   2.6453116846486695E-002   2.6453116846486695E-002   2.6453116846486695E-002   2.6453116846486695E-002   2.6453116846486695E-002   2.6453116846486695E-002   2.6453116846486695E-002   2.6453116846486695E-002
  0.30766821729269533       0.21573151613433073       0.10323762919255552        4.3514944553051743E-002   2.4718901183009175E-002   2.4718901183009175E-002   2.4718901183009175E-002   2.4718901183009175E-002   2.4718901183009175E-002   1.0641380485940006E-002   1.0641380485940006E-002   1.0641380485940006E-002   1.0641380485940006E-002   1.0641380485940006E-002   1.0641380485940006E-002   1.0641380485940006E-002   1.0641380485940006E-002   1.0641380485940006E-002   1.0641380485940006E-002
