  0.99189589436805115       0.98669876703191817       0.97947445174193071       0.87353975090604019       0.76037043342953348       0.76037043342953348       0.67550843129417393       0.56466311424033666       0.56466311424033666       0.56466311424033666       0.56466311424033666       0.56466311424033666       0.56466311424033666       0.56466311424033666       0.42086693487759164       0.42086693487759164       0.23559418759435452       0.23559418759435452       0.23559418759435452       0.23559418759435452       0.23559418759435452     
  0.98950931672767117       0.98280821584941880       0.97352751291467154       0.84185559771429785       0.70975322192747492       0.70975322192747492       0.61601797782438539       0.49989586459600260       0.49989586459600260       0.49989586459600260       0.49989586459600260       0.49989586459600260       0.49989586459600260       0.49989586459600260       0.35899214768055437       0.35899214768055437       0.19193066928897656       0.19193066928897656       0.19193066928897656       0.19193066928897656       0.19193066928897656     
  0.98213308348561057       0.97085904616204477       0.95542037705032978       0.75623625172129638       0.58764543027920046       0.58764543027920046       0.48319003294494256       0.36810333142082113       0.36810333142082113       0.36810333142082113       0.36810333142082113       0.36810333142082113       0.36810333142082113       0.36810333142082113       0.24606937265771822       0.24606937265771822       0.12158993770041956       0.12158993770041956       0.12158993770041956       0.12158993770041956       0.12158993770041956     
  0.97620413835268971       0.96133621045634077       0.94115818318016076       0.69836796897554232       0.51540116701968264       0.51540116701968264       0.41098831847117007       0.30301571134372557       0.30301571134372557       0.30301571134372557       0.30301571134372557       0.30301571134372557       0.30301571134372557       0.30301571134372557       0.19587108595713373       0.19587108595713373        9.3631816232609688E-002   9.3631816232609688E-002   9.3631816232609688E-002   9.3631816232609688E-002   9.3631816232609688E-002
  0.97620413835268971       0.96133621045634077       0.94115818318016076       0.69836796897554232       0.51540116701968264       0.51540116701968264       0.41098831847117007       0.30301571134372557       0.30301571134372557       0.30301571134372557       0.30301571134372557       0.30301571134372557       0.30301571134372557       0.30301571134372557       0.19587108595713373       0.19587108595713373        9.3631816232609688E-002   9.3631816232609688E-002   9.3631816232609688E-002   9.3631816232609688E-002   9.3631816232609688E-002
  0.96752680313493955       0.94752859638408271       0.92073871995404333       0.62707910320768645       0.43580432479008491       0.43580432479008491       0.33632532136430676       0.23997617032561561       0.23997617032561561       0.23997617032561561       0.23997617032561561       0.23997617032561561       0.23997617032561561       0.23997617032561561       0.15031471624911744       0.15031471624911744        6.9790800129411690E-002   6.9790800129411690E-002   6.9790800129411690E-002   6.9790800129411690E-002   6.9790800129411690E-002
  0.96752680313493955       0.94752859638408271       0.92073871995404333       0.62707910320768645       0.43580432479008491       0.43580432479008491       0.33632532136430676       0.23997617032561561       0.23997617032561561       0.23997617032561561       0.23997617032561561       0.23997617032561561       0.23997617032561561       0.23997617032561561       0.15031471624911744       0.15031471624911744        6.9790800129411690E-002   6.9790800129411690E-002   6.9790800129411690E-002   6.9790800129411690E-002   6.9790800129411690E-002
  0.95403026934545243       0.92635306771336745       0.89000681792303304       0.53944053266451708       0.34982157334037350       0.34982157334037350       0.26089365033416267       0.18028379173106895       0.18028379173106895       0.18028379173106895       0.18028379173106895       0.18028379173106895       0.18028379173106895       0.18028379173106895       0.10970571183484207       0.10970571183484207        4.9664574402505303E-002   4.9664574402505303E-002   4.9664574402505303E-002   4.9664574402505303E-002   4.9664574402505303E-002
  0.88968505600608461       0.83016383469554911       0.75871119425338829       0.31279308987880777       0.17292925733065562       0.17292925733065562       0.12062625589996870        7.8738622916441875E-002   7.8738622916441875E-002   7.8738622916441875E-002   7.8738622916441875E-002   7.8738622916441875E-002   7.8738622916441875E-002   7.8738622916441875E-002   4.5697607176429247E-002   4.5697607176429247E-002   1.9904441601826566E-002   1.9904441601826566E-002   1.9904441601826566E-002   1.9904441601826566E-002   1.9904441601826566E-002
  0.80762594692726941       0.71786949550964774       0.62075543164090430       0.19155086907607399        9.8156440985112114E-002   9.8156440985112114E-002   6.6646350675093335E-002   4.2595357406419926E-002   4.2595357406419926E-002   4.2595357406419926E-002   4.2595357406419926E-002   4.2595357406419926E-002   4.2595357406419926E-002   4.2595357406419926E-002   2.4320713294954461E-002   2.4320713294954461E-002   1.0461073670587103E-002   1.0461073670587103E-002   1.0461073670587103E-002   1.0461073670587103E-002   1.0461073670587103E-002
  0.80762594692726941       0.71786949550964774       0.62075543164090430       0.19155086907607399        9.8156440985112114E-002   9.8156440985112114E-002   6.6646350675093335E-002   4.2595357406419926E-002   4.2595357406419926E-002   4.2595357406419926E-002   4.2595357406419926E-002   4.2595357406419926E-002   4.2595357406419926E-002   4.2595357406419926E-002   2.4320713294954461E-002   2.4320713294954461E-002   1.0461073670587103E-002   1.0461073670587103E-002   1.0461073670587103E-002   1.0461073670587103E-002   1.0461073670587103E-002
  0.80762594692726941       0.71786949550964774       0.62075543164090430       0.19155086907607399        9.8156440985112114E-002   9.8156440985112114E-002   6.6646350675093335E-002   4.2595357406419926E-002   4.2595357406419926E-002   4.2595357406419926E-002   4.2595357406419926E-002   4.2595357406419926E-002   4.2595357406419926E-002   4.2595357406419926E-002   2.4320713294954461E-002   2.4320713294954461E-002   1.0461073670587103E-002   1.0461073670587103E-002   1.0461073670587103E-002   1.0461073670587103E-002   1.0461073670587103E-002
  0.80762594692726941       0.71786949550964774       0.62075543164090430       0.19155086907607399        9.8156440985112114E-002   9.8156440985112114E-002   6.6646350675093335E-002   4.2595357406419926E-002   4.2595357406419926E-002   4.2595357406419926E-002   4.2595357406419926E-002   4.2595357406419926E-002   4.2595357406419926E-002   4.2595357406419926E-002   2.4320713294954461E-002   2.4320713294954461E-002   1.0461073670587103E-002   1.0461073670587103E-002   1.0461073670587103E-002   1.0461073670587103E-002   1.0461073670587103E-002
  0.65059068807868503       0.53018758143683231       0.42061121379624944        9.5092295613787903E-002   4.6049311171025481E-002   4.6049311171025481E-002   3.0697229996363318E-002   1.9350410664974116E-002   1.9350410664974116E-002   1.9350410664974116E-002   1.9350410664974116E-002   1.9350410664974116E-002   1.9350410664974116E-002   1.9350410664974116E-002   1.0934623225040506E-002   1.0934623225040506E-002   4.6668244629459003E-003   4.6668244629459003E-003   4.6668244629459003E-003   4.6668244629459003E-003   4.6668244629459003E-003
  0.65059068807868503       0.53018758143683231       0.42061121379624944        9.5092295613787903E-002   4.6049311171025481E-002   4.6049311171025481E-002   3.0697229996363318E-002   1.9350410664974116E-002   1.9350410664974116E-002   1.9350410664974116E-002   1.9350410664974116E-002   1.9350410664974116E-002   1.9350410664974116E-002   1.9350410664974116E-002   1.0934623225040506E-002   1.0934623225040506E-002   4.6668244629459003E-003   4.6668244629459003E-003   4.6668244629459003E-003   4.6668244629459003E-003   4.6668244629459003E-003
  0.38684464908030725       0.27661109326242128       0.19742024415091641        3.4382608731417158E-002   1.6093253451544904E-002   1.6093253451544904E-002   1.0616880393680700E-002   6.6416343992729675E-003   6.6416343992729675E-003   6.6416343992729675E-003   6.6416343992729675E-003   6.6416343992729675E-003   6.6416343992729675E-003   6.6416343992729675E-003   3.7320520066914261E-003   3.7320520066914261E-003   1.5861937408625962E-003   1.5861937408625962E-003   1.5861937408625962E-003   1.5861937408625962E-003   1.5861937408625962E-003
  0.38684464908030725       0.27661109326242128       0.19742024415091641        3.4382608731417158E-002   1.6093253451544904E-002   1.6093253451544904E-002   1.0616880393680700E-002   6.6416343992729675E-003   6.6416343992729675E-003   6.6416343992729675E-003   6.6416343992729675E-003   6.6416343992729675E-003   6.6416343992729675E-003   6.6416343992729675E-003   3.7320520066914261E-003   3.7320520066914261E-003   1.5861937408625962E-003   1.5861937408625962E-003   1.5861937408625962E-003   1.5861937408625962E-003   1.5861937408625962E-003
