  0.99963448235202268       0.99864037854078447       0.99567488176208319       0.91649620031033452       0.91649620031033452       0.83400164279954658       0.71228297308864219       0.54215808067095972       0.54215808067095972       0.54215808067095972     
  0.99923580033612258       0.99716047527663454       0.99099623480471366       0.83993605094544188       0.83993605094544188       0.70606404196436279       0.54204655461284434       0.36149533762394909       0.36149533762394909       0.36149533762394909     
  0.99923580033612258       0.99716047527663454       0.99099623480471366       0.83993605094544188       0.83993605094544188       0.70606404196436279       0.54204655461284434       0.36149533762394909       0.36149533762394909       0.36149533762394909     
  0.99923580033612258       0.99716047527663454       0.99099623480471366       0.83993605094544188       0.83993605094544188       0.70606404196436279       0.54204655461284434       0.36149533762394909       0.36149533762394909       0.36149533762394909     
  0.99847029802663478       0.99432791092147887       0.98212477314875213       0.72371945717775055       0.72371945717775055       0.54527037051760685       0.37140806872831678       0.22034705070024033       0.22034705070024033       0.22034705070024033     
  0.99679989401650981       0.98818761908606523       0.96326211922240079       0.55556992207955191       0.55556992207955191       0.36396253582126470       0.21994855868430147       0.11884322599647933       0.11884322599647933       0.11884322599647933     
  0.97202135464464534       0.90319976641247401       0.74518356360195781       0.12236435941920350       0.12236435941920350        5.9994284273638739E-002   3.0489872881905460E-002   1.4819797964125787E-002   1.4819797964125787E-002   1.4819797964125787E-002
  0.97202135464464534       0.90319976641247401       0.74518356360195781       0.12236435941920350       0.12236435941920350        5.9994284273638739E-002   3.0489872881905460E-002   1.4819797964125787E-002   1.4819797964125787E-002   1.4819797964125787E-002
  0.87810786076364211       0.65925837462656600       0.37748987382935995        2.8098683203744694E-002   2.8098683203744694E-002   1.3061484749472095E-002   6.4789320518869615E-003   3.1095470795743010E-003   3.1095470795743010E-003   3.1095470795743010E-003
  0.59251413674247533       0.28084512747694890       0.10905013196796350        5.8016408764070913E-003   5.8016408764070913E-003   2.6641451674732221E-003   1.3145258374551059E-003   6.2920235552846272E-004   6.2920235552846272E-004   6.2920235552846272E-004
  0.59251413674247533       0.28084512747694890       0.10905013196796350        5.8016408764070913E-003   5.8016408764070913E-003   2.6641451674732221E-003   1.3145258374551059E-003   6.2920235552846272E-004   6.2920235552846272E-004   6.2920235552846272E-004
