  0.92509345016604805       0.91006655741401610       0.83861623931833129       0.74919755198922999       0.58514949812437977       0.58514949812437977       0.45161787945852755       0.45161787945852755       0.45161787945852755       0.26317050528219743       0.26317050528219743       0.26317050528219743       0.26317050528219743     
  0.89146421685042354       0.87063442015849035       0.77558142434070620       0.66518100033063710       0.48402571449701481       0.48402571449701481       0.35388535326011933       0.35388535326011933       0.35388535326011933       0.19194481556041892       0.19194481556041892       0.19194481556041892       0.19194481556041892     
  0.77097599234552472       0.73392426323255155       0.58616768692360621       0.44880853456728487       0.27770507276391998       0.27770507276391998       0.18332825287134286       0.18332825287134286       0.18332825287134286        8.8718983972115903E-002   8.8718983972115903E-002   8.8718983972115903E-002   8.8718983972115903E-002
  0.66482809535086540       0.61908808541573290       0.45492263199904459       0.32422306478431734       0.18470059371164724       0.18470059371164724       0.11681900593136720       0.11681900593136720       0.11681900593136720        5.4252688801269169E-002   5.4252688801269169E-002   5.4252688801269169E-002   5.4252688801269169E-002
  0.66482809535086540       0.61908808541573290       0.45492263199904459       0.32422306478431734       0.18470059371164724       0.18470059371164724       0.11681900593136720       0.11681900593136720       0.11681900593136720        5.4252688801269169E-002   5.4252688801269169E-002   5.4252688801269169E-002   5.4252688801269169E-002
  0.66482809535086540       0.61908808541573290       0.45492263199904459       0.32422306478431734       0.18470059371164724       0.18470059371164724       0.11681900593136720       0.11681900593136720       0.11681900593136720        5.4252688801269169E-002   5.4252688801269169E-002   5.4252688801269169E-002   5.4252688801269169E-002
  0.50998843988336362       0.46027230168352801       0.30454948664139236       0.20111225796444715       0.10623918154566381       0.10623918154566381        6.4898516624772334E-002   6.4898516624772334E-002   6.4898516624772334E-002   2.9219934522813018E-002   2.9219934522813018E-002   2.9219934522813018E-002   2.9219934522813018E-002
  0.50998843988336362       0.46027230168352801       0.30454948664139236       0.20111225796444715       0.10623918154566381       0.10623918154566381        6.4898516624772334E-002   6.4898516624772334E-002   6.4898516624772334E-002   2.9219934522813018E-002   2.9219934522813018E-002   2.9219934522813018E-002   2.9219934522813018E-002
  0.50998843988336362       0.46027230168352801       0.30454948664139236       0.20111225796444715       0.10623918154566381       0.10623918154566381        6.4898516624772334E-002   6.4898516624772334E-002   6.4898516624772334E-002   2.9219934522813018E-002   2.9219934522813018E-002   2.9219934522813018E-002   2.9219934522813018E-002
  0.50998843988336362       0.46027230168352801       0.30454948664139236       0.20111225796444715       0.10623918154566381       0.10623918154566381        6.4898516624772334E-002   6.4898516624772334E-002   6.4898516624772334E-002   2.9219934522813018E-002   2.9219934522813018E-002   2.9219934522813018E-002   2.9219934522813018E-002
  0.29185876378121572       0.25245167436318261       0.14778769954713369        9.0652827201378974E-002   4.4955799113993201E-002   4.4955799113993201E-002   2.6748531271401282E-002   2.6748531271401282E-002   2.6748531271401282E-002   1.1779077489016875E-002   1.1779077489016875E-002   1.1779077489016875E-002   1.1779077489016875E-002
  0.29185876378121572       0.25245167436318261       0.14778769954713369        9.0652827201378974E-002   4.4955799113993201E-002   4.4955799113993201E-002   2.6748531271401282E-002   2.6748531271401282E-002   2.6748531271401282E-002   1.1779077489016875E-002   1.1779077489016875E-002   1.1779077489016875E-002   1.1779077489016875E-002
  0.29185876378121572       0.25245167436318261       0.14778769954713369        9.0652827201378974E-002   4.4955799113993201E-002   4.4955799113993201E-002   2.6748531271401282E-002   2.6748531271401282E-002   2.6748531271401282E-002   1.1779077489016875E-002   1.1779077489016875E-002   1.1779077489016875E-002   1.1779077489016875E-002
  0.29185876378121572       0.25245167436318261       0.14778769954713369        9.0652827201378974E-002   4.4955799113993201E-002   4.4955799113993201E-002   2.6748531271401282E-002   2.6748531271401282E-002   2.6748531271401282E-002   1.1779077489016875E-002   1.1779077489016875E-002   1.1779077489016875E-002   1.1779077489016875E-002
  0.29185876378121572       0.25245167436318261       0.14778769954713369        9.0652827201378974E-002   4.4955799113993201E-002   4.4955799113993201E-002   2.6748531271401282E-002   2.6748531271401282E-002   2.6748531271401282E-002   1.1779077489016875E-002   1.1779077489016875E-002   1.1779077489016875E-002   1.1779077489016875E-002
  0.29185876378121572       0.25245167436318261       0.14778769954713369        9.0652827201378974E-002   4.4955799113993201E-002   4.4955799113993201E-002   2.6748531271401282E-002   2.6748531271401282E-002   2.6748531271401282E-002   1.1779077489016875E-002   1.1779077489016875E-002   1.1779077489016875E-002   1.1779077489016875E-002
  0.29185876378121572       0.25245167436318261       0.14778769954713369        9.0652827201378974E-002   4.4955799113993201E-002   4.4955799113993201E-002   2.6748531271401282E-002   2.6748531271401282E-002   2.6748531271401282E-002   1.1779077489016875E-002   1.1779077489016875E-002   1.1779077489016875E-002   1.1779077489016875E-002
  0.29185876378121572       0.25245167436318261       0.14778769954713369        9.0652827201378974E-002   4.4955799113993201E-002   4.4955799113993201E-002   2.6748531271401282E-002   2.6748531271401282E-002   2.6748531271401282E-002   1.1779077489016875E-002   1.1779077489016875E-002   1.1779077489016875E-002   1.1779077489016875E-002
  0.29185876378121572       0.25245167436318261       0.14778769954713369        9.0652827201378974E-002   4.4955799113993201E-002   4.4955799113993201E-002   2.6748531271401282E-002   2.6748531271401282E-002   2.6748531271401282E-002   1.1779077489016875E-002   1.1779077489016875E-002   1.1779077489016875E-002   1.1779077489016875E-002
  0.29185876378121572       0.25245167436318261       0.14778769954713369        9.0652827201378974E-002   4.4955799113993201E-002   4.4955799113993201E-002   2.6748531271401282E-002   2.6748531271401282E-002   2.6748531271401282E-002   1.1779077489016875E-002   1.1779077489016875E-002   1.1779077489016875E-002   1.1779077489016875E-002
  0.29185876378121572       0.25245167436318261       0.14778769954713369        9.0652827201378974E-002   4.4955799113993201E-002   4.4955799113993201E-002   2.6748531271401282E-002   2.6748531271401282E-002   2.6748531271401282E-002   1.1779077489016875E-002   1.1779077489016875E-002   1.1779077489016875E-002   1.1779077489016875E-002
  0.29185876378121572       0.25245167436318261       0.14778769954713369        9.0652827201378974E-002   4.4955799113993201E-002   4.4955799113993201E-002   2.6748531271401282E-002   2.6748531271401282E-002   2.6748531271401282E-002   1.1779077489016875E-002   1.1779077489016875E-002   1.1779077489016875E-002   1.1779077489016875E-002
  0.29185876378121572       0.25245167436318261       0.14778769954713369        9.0652827201378974E-002   4.4955799113993201E-002   4.4955799113993201E-002   2.6748531271401282E-002   2.6748531271401282E-002   2.6748531271401282E-002   1.1779077489016875E-002   1.1779077489016875E-002   1.1779077489016875E-002   1.1779077489016875E-002
  0.29185876378121572       0.25245167436318261       0.14778769954713369        9.0652827201378974E-002   4.4955799113993201E-002   4.4955799113993201E-002   2.6748531271401282E-002   2.6748531271401282E-002   2.6748531271401282E-002   1.1779077489016875E-002   1.1779077489016875E-002   1.1779077489016875E-002   1.1779077489016875E-002
  0.29185876378121572       0.25245167436318261       0.14778769954713369        9.0652827201378974E-002   4.4955799113993201E-002   4.4955799113993201E-002   2.6748531271401282E-002   2.6748531271401282E-002   2.6748531271401282E-002   1.1779077489016875E-002   1.1779077489016875E-002   1.1779077489016875E-002   1.1779077489016875E-002
