  0.89159773505334217       0.88245543631887113       0.88245543631887113       0.80354243778759327       0.80354243778759327       0.74187332588582922       0.74187332588582922       0.64594771941581397       0.64594771941581397       0.64594771941581397       0.64594771941581397       0.50031135469813148       0.50031135469813148       0.50031135469813148       0.50031135469813148       0.50031135469813148       0.28899972758162523       0.28899972758162523       0.28899972758162523     
  0.88867420534584329       0.87643496392907239       0.87643496392907239       0.77429997659750494       0.77429997659750494       0.69862047336426947       0.69862047336426947       0.58750835423899928       0.58750835423899928       0.58750835423899928       0.58750835423899928       0.43261143443702366       0.43261143443702366       0.43261143443702366       0.43261143443702366       0.43261143443702366       0.23320972245412386       0.23320972245412386       0.23320972245412386     
  0.87993239128424006       0.85868547699753128       0.85868547699753128       0.69740403502352577       0.69740403502352577       0.59373987613174672       0.59373987613174672       0.46111339326753026       0.46111339326753026       0.46111339326753026       0.46111339326753026       0.30682117247997592       0.30682117247997592       0.30682117247997592       0.30682117247997592       0.30682117247997592       0.14714584599717434       0.14714584599717434       0.14714584599717434     
  0.85111102357459811       0.80272248546166369       0.80272248546166369       0.51972471589957858       0.51972471589957858       0.39144222857700844       0.39144222857700844       0.26491600098459744       0.26491600098459744       0.26491600098459744       0.26491600098459744       0.15333669567137190       0.15333669567137190       0.15333669567137190       0.15333669567137190       0.15333669567137190        6.4810280520403621E-002   6.4810280520403621E-002   6.4810280520403621E-002
  0.85111102357459811       0.80272248546166369       0.80272248546166369       0.51972471589957858       0.51972471589957858       0.39144222857700844       0.39144222857700844       0.26491600098459744       0.26491600098459744       0.26491600098459744       0.26491600098459744       0.15333669567137190       0.15333669567137190       0.15333669567137190       0.15333669567137190       0.15333669567137190        6.4810280520403621E-002   6.4810280520403621E-002   6.4810280520403621E-002
  0.83188725381264161       0.76743527199996220       0.76743527199996220       0.44053917875573334       0.44053917875573334       0.31558177505372592       0.31558177505372592       0.20375195659737483       0.20375195659737483       0.20375195659737483       0.20375195659737483       0.11333679095617556       0.11333679095617556       0.11333679095617556       0.11333679095617556       0.11333679095617556        4.6466515631750305E-002   4.6466515631750305E-002   4.6466515631750305E-002
  0.75391379958350713       0.63884202961638170       0.63884202961638170       0.25949755325222440       0.25949755325222440       0.16720431254995852       0.16720431254995852        9.9042927538698644E-002   9.9042927538698644E-002   9.9042927538698644E-002   9.9042927538698644E-002   5.1645878598101380E-002   5.1645878598101380E-002   5.1645878598101380E-002   5.1645878598101380E-002   5.1645878598101380E-002   2.0237707569086109E-002   2.0237707569086109E-002   2.0237707569086109E-002
  0.75391379958350713       0.63884202961638170       0.63884202961638170       0.25949755325222440       0.25949755325222440       0.16720431254995852       0.16720431254995852        9.9042927538698644E-002   9.9042927538698644E-002   9.9042927538698644E-002   9.9042927538698644E-002   5.1645878598101380E-002   5.1645878598101380E-002   5.1645878598101380E-002   5.1645878598101380E-002   5.1645878598101380E-002   2.0237707569086109E-002   2.0237707569086109E-002   2.0237707569086109E-002
  0.53800637002855978       0.37197745197501803       0.37197745197501803        9.4037537499971138E-002   9.4037537499971138E-002   5.5493428717697663E-002   5.5493428717697663E-002   3.0948093644126397E-002   3.0948093644126397E-002   3.0948093644126397E-002   3.0948093644126397E-002   1.5506967344207293E-002   1.5506967344207293E-002   1.5506967344207293E-002   1.5506967344207293E-002   1.5506967344207293E-002   5.9230426523836132E-003   5.9230426523836132E-003   5.9230426523836132E-003
  0.53800637002855978       0.37197745197501803       0.37197745197501803        9.4037537499971138E-002   9.4037537499971138E-002   5.5493428717697663E-002   5.5493428717697663E-002   3.0948093644126397E-002   3.0948093644126397E-002   3.0948093644126397E-002   3.0948093644126397E-002   1.5506967344207293E-002   1.5506967344207293E-002   1.5506967344207293E-002   1.5506967344207293E-002   1.5506967344207293E-002   5.9230426523836132E-003   5.9230426523836132E-003   5.9230426523836132E-003
  0.32187411571149438       0.18791900611186124       0.18791900611186124        3.7690071786409693E-002   3.7690071786409693E-002   2.1622061553741915E-002   2.1622061553741915E-002   1.1848203195600836E-002   1.1848203195600836E-002   1.1848203195600836E-002   1.1848203195600836E-002   5.8723124921701494E-003   5.8723124921701494E-003   5.8723124921701494E-003   5.8723124921701494E-003   5.8723124921701494E-003   2.2279896526874801E-003   2.2279896526874801E-003   2.2279896526874801E-003
