  0.88075959260852488       0.83061532747454336       0.74693052111050406       0.74693052111050406       0.74693052111050406       0.74693052111050406       0.53878459234734510       0.53878459234734510       0.53878459234734510       0.53878459234734510       0.32880329062491315       0.32880329062491315       0.32880329062491315       0.32880329062491315       0.32880329062491315       0.32880329062491315       0.32880329062491315       0.32880329062491315       0.32880329062491315       0.32880329062491315       0.32880329062491315       0.32880329062491315     
  0.86193769556172639       0.76998122856915774       0.63637620679368312       0.63637620679368312       0.63637620679368312       0.63637620679368312       0.38212809788882124       0.38212809788882124       0.38212809788882124       0.38212809788882124       0.19948334741405782       0.19948334741405782       0.19948334741405782       0.19948334741405782       0.19948334741405782       0.19948334741405782       0.19948334741405782       0.19948334741405782       0.19948334741405782       0.19948334741405782       0.19948334741405782       0.19948334741405782     
  0.81772657608357879       0.64994531623705032       0.46299870465543819       0.46299870465543819       0.46299870465543819       0.46299870465543819       0.22016866864358597       0.22016866864358597       0.22016866864358597       0.22016866864358597        9.9988923416807568E-002   9.9988923416807568E-002   9.9988923416807568E-002   9.9988923416807568E-002   9.9988923416807568E-002   9.9988923416807568E-002   9.9988923416807568E-002   9.9988923416807568E-002   9.9988923416807568E-002   9.9988923416807568E-002   9.9988923416807568E-002   9.9988923416807568E-002
  0.74683936602183931       0.50442784854893707       0.30781322185941423       0.30781322185941423       0.30781322185941423       0.30781322185941423       0.12339217311767309       0.12339217311767309       0.12339217311767309       0.12339217311767309        5.1997733843442841E-002   5.1997733843442841E-002   5.1997733843442841E-002   5.1997733843442841E-002   5.1997733843442841E-002   5.1997733843442841E-002   5.1997733843442841E-002   5.1997733843442841E-002   5.1997733843442841E-002   5.1997733843442841E-002   5.1997733843442841E-002   5.1997733843442841E-002
  0.74683936602183931       0.50442784854893707       0.30781322185941423       0.30781322185941423       0.30781322185941423       0.30781322185941423       0.12339217311767309       0.12339217311767309       0.12339217311767309       0.12339217311767309        5.1997733843442841E-002   5.1997733843442841E-002   5.1997733843442841E-002   5.1997733843442841E-002   5.1997733843442841E-002   5.1997733843442841E-002   5.1997733843442841E-002   5.1997733843442841E-002   5.1997733843442841E-002   5.1997733843442841E-002   5.1997733843442841E-002   5.1997733843442841E-002
  0.74683936602183931       0.50442784854893707       0.30781322185941423       0.30781322185941423       0.30781322185941423       0.30781322185941423       0.12339217311767309       0.12339217311767309       0.12339217311767309       0.12339217311767309        5.1997733843442841E-002   5.1997733843442841E-002   5.1997733843442841E-002   5.1997733843442841E-002   5.1997733843442841E-002   5.1997733843442841E-002   5.1997733843442841E-002   5.1997733843442841E-002   5.1997733843442841E-002   5.1997733843442841E-002   5.1997733843442841E-002   5.1997733843442841E-002
  0.67922468996385921       0.40126235343434841       0.22226512053563707       0.22226512053563707       0.22226512053563707       0.22226512053563707        8.2001408574889273E-002   8.2001408574889273E-002   8.2001408574889273E-002   8.2001408574889273E-002   3.3521846354228703E-002   3.3521846354228703E-002   3.3521846354228703E-002   3.3521846354228703E-002   3.3521846354228703E-002   3.3521846354228703E-002   3.3521846354228703E-002   3.3521846354228703E-002   3.3521846354228703E-002   3.3521846354228703E-002   3.3521846354228703E-002   3.3521846354228703E-002
  0.56484308189234111       0.27531682301371474       0.13706208406628295       0.13706208406628295       0.13706208406628295       0.13706208406628295        4.6850125775650779E-002   4.6850125775650779E-002   4.6850125775650779E-002   4.6850125775650779E-002   1.8677630300229946E-002   1.8677630300229946E-002   1.8677630300229946E-002   1.8677630300229946E-002   1.8677630300229946E-002   1.8677630300229946E-002   1.8677630300229946E-002   1.8677630300229946E-002   1.8677630300229946E-002   1.8677630300229946E-002   1.8677630300229946E-002   1.8677630300229946E-002
  0.56484308189234111       0.27531682301371474       0.13706208406628295       0.13706208406628295       0.13706208406628295       0.13706208406628295        4.6850125775650779E-002   4.6850125775650779E-002   4.6850125775650779E-002   4.6850125775650779E-002   1.8677630300229946E-002   1.8677630300229946E-002   1.8677630300229946E-002   1.8677630300229946E-002   1.8677630300229946E-002   1.8677630300229946E-002   1.8677630300229946E-002   1.8677630300229946E-002   1.8677630300229946E-002   1.8677630300229946E-002   1.8677630300229946E-002   1.8677630300229946E-002
  0.56484308189234111       0.27531682301371474       0.13706208406628295       0.13706208406628295       0.13706208406628295       0.13706208406628295        4.6850125775650779E-002   4.6850125775650779E-002   4.6850125775650779E-002   4.6850125775650779E-002   1.8677630300229946E-002   1.8677630300229946E-002   1.8677630300229946E-002   1.8677630300229946E-002   1.8677630300229946E-002   1.8677630300229946E-002   1.8677630300229946E-002   1.8677630300229946E-002   1.8677630300229946E-002   1.8677630300229946E-002   1.8677630300229946E-002   1.8677630300229946E-002
  0.56484308189234111       0.27531682301371474       0.13706208406628295       0.13706208406628295       0.13706208406628295       0.13706208406628295        4.6850125775650779E-002   4.6850125775650779E-002   4.6850125775650779E-002   4.6850125775650779E-002   1.8677630300229946E-002   1.8677630300229946E-002   1.8677630300229946E-002   1.8677630300229946E-002   1.8677630300229946E-002   1.8677630300229946E-002   1.8677630300229946E-002   1.8677630300229946E-002   1.8677630300229946E-002   1.8677630300229946E-002   1.8677630300229946E-002   1.8677630300229946E-002
  0.36036905171328582       0.13380786945925252        5.9810371085205691E-002   5.9810371085205691E-002   5.9810371085205691E-002   5.9810371085205691E-002   1.9166822273151758E-002   1.9166822273151758E-002   1.9166822273151758E-002   1.9166822273151758E-002   7.4949489344919460E-003   7.4949489344919460E-003   7.4949489344919460E-003   7.4949489344919460E-003   7.4949489344919460E-003   7.4949489344919460E-003   7.4949489344919460E-003   7.4949489344919460E-003   7.4949489344919460E-003   7.4949489344919460E-003   7.4949489344919460E-003   7.4949489344919460E-003
