  0.83313696130070658       0.70176024154398231       0.34569947207513224       0.34569947207513224       0.23775074032143537       0.23775074032143537       0.23775074032143537       0.23775074032143537       0.23775074032143537       0.23775074032143537       0.12246863351487954       0.12246863351487954       0.12246863351487954       0.12246863351487954       0.12246863351487954       0.12246863351487954       0.12246863351487954       0.12246863351487954       0.12246863351487954       0.12246863351487954       0.12246863351487954     
  0.83313696130070658       0.70176024154398231       0.34569947207513224       0.34569947207513224       0.23775074032143537       0.23775074032143537       0.23775074032143537       0.23775074032143537       0.23775074032143537       0.23775074032143537       0.12246863351487954       0.12246863351487954       0.12246863351487954       0.12246863351487954       0.12246863351487954       0.12246863351487954       0.12246863351487954       0.12246863351487954       0.12246863351487954       0.12246863351487954       0.12246863351487954     
  0.83313696130070658       0.70176024154398231       0.34569947207513224       0.34569947207513224       0.23775074032143537       0.23775074032143537       0.23775074032143537       0.23775074032143537       0.23775074032143537       0.23775074032143537       0.12246863351487954       0.12246863351487954       0.12246863351487954       0.12246863351487954       0.12246863351487954       0.12246863351487954       0.12246863351487954       0.12246863351487954       0.12246863351487954       0.12246863351487954       0.12246863351487954     
  0.83313696130070658       0.70176024154398231       0.34569947207513224       0.34569947207513224       0.23775074032143537       0.23775074032143537       0.23775074032143537       0.23775074032143537       0.23775074032143537       0.23775074032143537       0.12246863351487954       0.12246863351487954       0.12246863351487954       0.12246863351487954       0.12246863351487954       0.12246863351487954       0.12246863351487954       0.12246863351487954       0.12246863351487954       0.12246863351487954       0.12246863351487954     
  0.77794863460934627       0.62279325048858869       0.27046396705360692       0.27046396705360692       0.17956112462200144       0.17956112462200144       0.17956112462200144       0.17956112462200144       0.17956112462200144       0.17956112462200144        8.9192819254308706E-002   8.9192819254308706E-002   8.9192819254308706E-002   8.9192819254308706E-002   8.9192819254308706E-002   8.9192819254308706E-002   8.9192819254308706E-002   8.9192819254308706E-002   8.9192819254308706E-002   8.9192819254308706E-002   8.9192819254308706E-002
  0.77794863460934627       0.62279325048858869       0.27046396705360692       0.27046396705360692       0.17956112462200144       0.17956112462200144       0.17956112462200144       0.17956112462200144       0.17956112462200144       0.17956112462200144        8.9192819254308706E-002   8.9192819254308706E-002   8.9192819254308706E-002   8.9192819254308706E-002   8.9192819254308706E-002   8.9192819254308706E-002   8.9192819254308706E-002   8.9192819254308706E-002   8.9192819254308706E-002   8.9192819254308706E-002   8.9192819254308706E-002
  0.77794863460934627       0.62279325048858869       0.27046396705360692       0.27046396705360692       0.17956112462200144       0.17956112462200144       0.17956112462200144       0.17956112462200144       0.17956112462200144       0.17956112462200144        8.9192819254308706E-002   8.9192819254308706E-002   8.9192819254308706E-002   8.9192819254308706E-002   8.9192819254308706E-002   8.9192819254308706E-002   8.9192819254308706E-002   8.9192819254308706E-002   8.9192819254308706E-002   8.9192819254308706E-002   8.9192819254308706E-002
  0.69419629179226638       0.51686378267027544       0.19368984742219283       0.19368984742219283       0.12419787090080897       0.12419787090080897       0.12419787090080897       0.12419787090080897       0.12419787090080897       0.12419787090080897        5.9666093420564892E-002   5.9666093420564892E-002   5.9666093420564892E-002   5.9666093420564892E-002   5.9666093420564892E-002   5.9666093420564892E-002   5.9666093420564892E-002   5.9666093420564892E-002   5.9666093420564892E-002   5.9666093420564892E-002   5.9666093420564892E-002
  0.69419629179226638       0.51686378267027544       0.19368984742219283       0.19368984742219283       0.12419787090080897       0.12419787090080897       0.12419787090080897       0.12419787090080897       0.12419787090080897       0.12419787090080897        5.9666093420564892E-002   5.9666093420564892E-002   5.9666093420564892E-002   5.9666093420564892E-002   5.9666093420564892E-002   5.9666093420564892E-002   5.9666093420564892E-002   5.9666093420564892E-002   5.9666093420564892E-002   5.9666093420564892E-002   5.9666093420564892E-002
  0.69419629179226638       0.51686378267027544       0.19368984742219283       0.19368984742219283       0.12419787090080897       0.12419787090080897       0.12419787090080897       0.12419787090080897       0.12419787090080897       0.12419787090080897        5.9666093420564892E-002   5.9666093420564892E-002   5.9666093420564892E-002   5.9666093420564892E-002   5.9666093420564892E-002   5.9666093420564892E-002   5.9666093420564892E-002   5.9666093420564892E-002   5.9666093420564892E-002   5.9666093420564892E-002   5.9666093420564892E-002
  0.56135900132895922       0.37621352352547255       0.11927200005037888       0.11927200005037888        7.4028306626719609E-002   7.4028306626719609E-002   7.4028306626719609E-002   7.4028306626719609E-002   7.4028306626719609E-002   7.4028306626719609E-002   3.4536117138782040E-002   3.4536117138782040E-002   3.4536117138782040E-002   3.4536117138782040E-002   3.4536117138782040E-002   3.4536117138782040E-002   3.4536117138782040E-002   3.4536117138782040E-002   3.4536117138782040E-002   3.4536117138782040E-002   3.4536117138782040E-002
  0.34494241239820478       0.19882150575765889        5.2781585885333486E-002   5.2781585885333486E-002   3.1847794344009119E-002   3.1847794344009119E-002   3.1847794344009119E-002   3.1847794344009119E-002   3.1847794344009119E-002   3.1847794344009119E-002   1.4505321941237451E-002   1.4505321941237451E-002   1.4505321941237451E-002   1.4505321941237451E-002   1.4505321941237451E-002   1.4505321941237451E-002   1.4505321941237451E-002   1.4505321941237451E-002   1.4505321941237451E-002   1.4505321941237451E-002   1.4505321941237451E-002
  0.34494241239820478       0.19882150575765889        5.2781585885333486E-002   5.2781585885333486E-002   3.1847794344009119E-002   3.1847794344009119E-002   3.1847794344009119E-002   3.1847794344009119E-002   3.1847794344009119E-002   3.1847794344009119E-002   1.4505321941237451E-002   1.4505321941237451E-002   1.4505321941237451E-002   1.4505321941237451E-002   1.4505321941237451E-002   1.4505321941237451E-002   1.4505321941237451E-002   1.4505321941237451E-002   1.4505321941237451E-002   1.4505321941237451E-002   1.4505321941237451E-002
