  0.82732684056390737       0.82732684056390737       0.76376237656369217       0.76376237656369217       0.76376237656369217       0.67201205915445295       0.53495040627669643       0.53495040627669643       0.53495040627669643       0.53495040627669643       0.32427301896941507       0.32427301896941507       0.32427301896941507       0.32427301896941507       0.32427301896941507       0.32427301896941507       0.32427301896941507       0.32427301896941507       0.32427301896941507       0.32427301896941507     
  0.63638684563163339       0.63638684563163339       0.54148822296912280       0.54148822296912280       0.54148822296912280       0.42805680944952951       0.29586783771042158       0.29586783771042158       0.29586783771042158       0.29586783771042158       0.14914959887408219       0.14914959887408219       0.14914959887408219       0.14914959887408219       0.14914959887408219       0.14914959887408219       0.14914959887408219       0.14914959887408219       0.14914959887408219       0.14914959887408219     
  0.48301642372947129       0.48301642372947129       0.38666770152580515       0.38666770152580515       0.38666770152580515       0.28547565906034766       0.18321288237989358       0.18321288237989358       0.18321288237989358       0.18321288237989358        8.5570242146296882E-002   8.5570242146296882E-002   8.5570242146296882E-002   8.5570242146296882E-002   8.5570242146296882E-002   8.5570242146296882E-002   8.5570242146296882E-002   8.5570242146296882E-002   8.5570242146296882E-002   8.5570242146296882E-002
  0.48301642372947129       0.48301642372947129       0.38666770152580515       0.38666770152580515       0.38666770152580515       0.28547565906034766       0.18321288237989358       0.18321288237989358       0.18321288237989358       0.18321288237989358        8.5570242146296882E-002   8.5570242146296882E-002   8.5570242146296882E-002   8.5570242146296882E-002   8.5570242146296882E-002   8.5570242146296882E-002   8.5570242146296882E-002   8.5570242146296882E-002   8.5570242146296882E-002   8.5570242146296882E-002
  0.38657258837596747       0.38657258837596747       0.29835928925144445       0.29835928925144445       0.29835928925144445       0.21227906578880529       0.13141427352481344       0.13141427352481344       0.13141427352481344       0.13141427352481344        5.9370888414819578E-002   5.9370888414819578E-002   5.9370888414819578E-002   5.9370888414819578E-002   5.9370888414819578E-002   5.9370888414819578E-002   5.9370888414819578E-002   5.9370888414819578E-002   5.9370888414819578E-002   5.9370888414819578E-002
  0.38657258837596747       0.38657258837596747       0.29835928925144445       0.29835928925144445       0.29835928925144445       0.21227906578880529       0.13141427352481344       0.13141427352481344       0.13141427352481344       0.13141427352481344        5.9370888414819578E-002   5.9370888414819578E-002   5.9370888414819578E-002   5.9370888414819578E-002   5.9370888414819578E-002   5.9370888414819578E-002   5.9370888414819578E-002   5.9370888414819578E-002   5.9370888414819578E-002   5.9370888414819578E-002
  0.38657258837596747       0.38657258837596747       0.29835928925144445       0.29835928925144445       0.29835928925144445       0.21227906578880529       0.13141427352481344       0.13141427352481344       0.13141427352481344       0.13141427352481344        5.9370888414819578E-002   5.9370888414819578E-002   5.9370888414819578E-002   5.9370888414819578E-002   5.9370888414819578E-002   5.9370888414819578E-002   5.9370888414819578E-002   5.9370888414819578E-002   5.9370888414819578E-002   5.9370888414819578E-002
  0.27491811599731952       0.27491811599731952       0.20372199953562353       0.20372199953562353       0.20372199953562353       0.13951654956258613        8.3433814320196531E-002   8.3433814320196531E-002   8.3433814320196531E-002   8.3433814320196531E-002   3.6586129072308411E-002   3.6586129072308411E-002   3.6586129072308411E-002   3.6586129072308411E-002   3.6586129072308411E-002   3.6586129072308411E-002   3.6586129072308411E-002   3.6586129072308411E-002   3.6586129072308411E-002   3.6586129072308411E-002
  0.27491811599731952       0.27491811599731952       0.20372199953562353       0.20372199953562353       0.20372199953562353       0.13951654956258613        8.3433814320196531E-002   8.3433814320196531E-002   8.3433814320196531E-002   8.3433814320196531E-002   3.6586129072308411E-002   3.6586129072308411E-002   3.6586129072308411E-002   3.6586129072308411E-002   3.6586129072308411E-002   3.6586129072308411E-002   3.6586129072308411E-002   3.6586129072308411E-002   3.6586129072308411E-002   3.6586129072308411E-002
  0.27491811599731952       0.27491811599731952       0.20372199953562353       0.20372199953562353       0.20372199953562353       0.13951654956258613        8.3433814320196531E-002   8.3433814320196531E-002   8.3433814320196531E-002   8.3433814320196531E-002   3.6586129072308411E-002   3.6586129072308411E-002   3.6586129072308411E-002   3.6586129072308411E-002   3.6586129072308411E-002   3.6586129072308411E-002   3.6586129072308411E-002   3.6586129072308411E-002   3.6586129072308411E-002   3.6586129072308411E-002
  0.14648968935331177       0.14648968935331177       0.10379202871653748       0.10379202871653748       0.10379202871653748        6.8376317902588343E-002   3.9575243671617202E-002   3.9575243671617202E-002   3.9575243671617202E-002   3.9575243671617202E-002   1.6899867617897382E-002   1.6899867617897382E-002   1.6899867617897382E-002   1.6899867617897382E-002   1.6899867617897382E-002   1.6899867617897382E-002   1.6899867617897382E-002   1.6899867617897382E-002   1.6899867617897382E-002   1.6899867617897382E-002
  0.14648968935331177       0.14648968935331177       0.10379202871653748       0.10379202871653748       0.10379202871653748        6.8376317902588343E-002   3.9575243671617202E-002   3.9575243671617202E-002   3.9575243671617202E-002   3.9575243671617202E-002   1.6899867617897382E-002   1.6899867617897382E-002   1.6899867617897382E-002   1.6899867617897382E-002   1.6899867617897382E-002   1.6899867617897382E-002   1.6899867617897382E-002   1.6899867617897382E-002   1.6899867617897382E-002   1.6899867617897382E-002
  0.14648968935331177       0.14648968935331177       0.10379202871653748       0.10379202871653748       0.10379202871653748        6.8376317902588343E-002   3.9575243671617202E-002   3.9575243671617202E-002   3.9575243671617202E-002   3.9575243671617202E-002   1.6899867617897382E-002   1.6899867617897382E-002   1.6899867617897382E-002   1.6899867617897382E-002   1.6899867617897382E-002   1.6899867617897382E-002   1.6899867617897382E-002   1.6899867617897382E-002   1.6899867617897382E-002   1.6899867617897382E-002
  0.14648968935331177       0.14648968935331177       0.10379202871653748       0.10379202871653748       0.10379202871653748        6.8376317902588343E-002   3.9575243671617202E-002   3.9575243671617202E-002   3.9575243671617202E-002   3.9575243671617202E-002   1.6899867617897382E-002   1.6899867617897382E-002   1.6899867617897382E-002   1.6899867617897382E-002   1.6899867617897382E-002   1.6899867617897382E-002   1.6899867617897382E-002   1.6899867617897382E-002   1.6899867617897382E-002   1.6899867617897382E-002
