  0.89990368173055957       0.89945696136816899       0.89788836977653030       0.89545878231156173       0.89545878231156173       0.88855288162477564       0.88855288162477564       0.86294655658872665       0.86294655658872665       0.77746774988716927       0.77746774988716927       0.77746774988716927       0.77746774988716927       0.59900538260558656     
  0.89990368173055957       0.89945696136816899       0.89788836977653030       0.89545878231156173       0.89545878231156173       0.88855288162477564       0.88855288162477564       0.86294655658872665       0.86294655658872665       0.77746774988716927       0.77746774988716927       0.77746774988716927       0.77746774988716927       0.59900538260558656     
  0.89975490855367046       0.89861924278698857       0.89464526970728420       0.88853191240614626       0.88853191240614626       0.87142831721480796       0.87142831721480796       0.81133796226153077       0.81133796226153077       0.64234966052393594       0.64234966052393594       0.64234966052393594       0.64234966052393594       0.39493626516447827     
  0.89915489628073009       0.89525365456789363       0.88178944120070935       0.86162842564651376       0.86162842564651376       0.80853128633653659       0.80853128633653659       0.65356750898926230       0.65356750898926230       0.37751941919854887       0.37751941919854887       0.37751941919854887       0.37751941919854887       0.16627985803224596     
  0.89251385561205909       0.85934191474999966       0.75994237428253786       0.64404082503707805       0.64404082503707805       0.44785337179138862       0.44785337179138862       0.20618918017019408       0.20618918017019408        6.7411192007701848E-002   6.7411192007701848E-002   6.7411192007701848E-002   6.7411192007701848E-002   2.2289125997263546E-002
  0.87485237850275555       0.77443096755861784       0.55160437845957266       0.38103348258724851       0.38103348258724851       0.20179868348651320       0.20179868348651320        7.1817752869366869E-002   7.1817752869366869E-002   2.0772267714362826E-002   2.0772267714362826E-002   2.0772267714362826E-002   2.0772267714362826E-002   6.6200121015456571E-003
  0.87485237850275555       0.77443096755861784       0.55160437845957266       0.38103348258724851       0.38103348258724851       0.20179868348651320       0.20179868348651320        7.1817752869366869E-002   7.1817752869366869E-002   2.0772267714362826E-002   2.0772267714362826E-002   2.0772267714362826E-002   2.0772267714362826E-002   6.6200121015456571E-003
  0.77708169390892978       0.47562372768624078       0.20108930211202619       0.10594632437702317       0.10594632437702317        4.4911837043473693E-002   4.4911837043473693E-002   1.3962723329788491E-002   1.3962723329788491E-002   3.8474830411614710E-003   3.8474830411614710E-003   3.8474830411614710E-003   3.8474830411614710E-003   1.2102997589124491E-003
  0.77708169390892978       0.47562372768624078       0.20108930211202619       0.10594632437702317       0.10594632437702317        4.4911837043473693E-002   4.4911837043473693E-002   1.3962723329788491E-002   1.3962723329788491E-002   3.8474830411614710E-003   3.8474830411614710E-003   3.8474830411614710E-003   3.8474830411614710E-003   1.2102997589124491E-003
  0.77708169390892978       0.47562372768624078       0.20108930211202619       0.10594632437702317       0.10594632437702317        4.4911837043473693E-002   4.4911837043473693E-002   1.3962723329788491E-002   1.3962723329788491E-002   3.8474830411614710E-003   3.8474830411614710E-003   3.8474830411614710E-003   3.8474830411614710E-003   1.2102997589124491E-003
  0.77708169390892978       0.47562372768624078       0.20108930211202619       0.10594632437702317       0.10594632437702317        4.4911837043473693E-002   4.4911837043473693E-002   1.3962723329788491E-002   1.3962723329788491E-002   3.8474830411614710E-003   3.8474830411614710E-003   3.8474830411614710E-003   3.8474830411614710E-003   1.2102997589124491E-003
  0.55069791505731402       0.19659766814585516        6.0252898785160318E-002   2.8981804828518278E-002   2.8981804828518278E-002   1.1635984408416808E-002   1.1635984408416808E-002   3.5230549881390977E-003   3.5230549881390977E-003   9.6257538513370663E-004   9.6257538513370663E-004   9.6257538513370663E-004   9.6257538513370663E-004   3.0212992902236847E-004
