  0.83856178026487349       0.80436743709260117       0.62960760573782715       0.53240956922559135       0.53240956922559135       0.40333571235570109       0.40333571235570109       0.40333571235570109       0.40333571235570109       0.40333571235570109       0.23077693845939795       0.23077693845939795       0.23077693845939795       0.23077693845939795       0.23077693845939795       0.23077693845939795       0.23077693845939795       0.23077693845939795     
  0.79503318324367811       0.74120016977151226       0.50735521419172991       0.40103820435063919       0.40103820435063919       0.27958897555219941       0.27958897555219941       0.27958897555219941       0.27958897555219941       0.27958897555219941       0.14456283188052538       0.14456283188052538       0.14456283188052538       0.14456283188052538       0.14456283188052538       0.14456283188052538       0.14456283188052538       0.14456283188052538     
  0.75950003980376457       0.69220654964584205       0.43178936111958410       0.32807632524531188       0.32807632524531188       0.21902361865105707       0.21902361865105707       0.21902361865105707       0.21902361865105707       0.21902361865105707       0.10814847937036100       0.10814847937036100       0.10814847937036100       0.10814847937036100       0.10814847937036100       0.10814847937036100       0.10814847937036100       0.10814847937036100     
  0.70729341955073810       0.62407922465135479       0.34654735865928721       0.25227697982637481       0.25227697982637481       0.16131344280537904       0.16131344280537904       0.16131344280537904       0.16131344280537904       0.16131344280537904        7.6376035403119824E-002   7.6376035403119824E-002   7.6376035403119824E-002   7.6376035403119824E-002   7.6376035403119824E-002   7.6376035403119824E-002   7.6376035403119824E-002   7.6376035403119824E-002
  0.70729341955073810       0.62407922465135479       0.34654735865928721       0.25227697982637481       0.25227697982637481       0.16131344280537904       0.16131344280537904       0.16131344280537904       0.16131344280537904       0.16131344280537904        7.6376035403119824E-002   7.6376035403119824E-002   7.6376035403119824E-002   7.6376035403119824E-002   7.6376035403119824E-002   7.6376035403119824E-002   7.6376035403119824E-002   7.6376035403119824E-002
  0.70729341955073810       0.62407922465135479       0.34654735865928721       0.25227697982637481       0.25227697982637481       0.16131344280537904       0.16131344280537904       0.16131344280537904       0.16131344280537904       0.16131344280537904        7.6376035403119824E-002   7.6376035403119824E-002   7.6376035403119824E-002   7.6376035403119824E-002   7.6376035403119824E-002   7.6376035403119824E-002   7.6376035403119824E-002   7.6376035403119824E-002
  0.62740240021795235       0.52784190498481398       0.25374903906685908       0.17666445097770048       0.17666445097770048       0.10840174367890711       0.10840174367890711       0.10840174367890711       0.10840174367890711       0.10840174367890711        4.9458906040677535E-002   4.9458906040677535E-002   4.9458906040677535E-002   4.9458906040677535E-002   4.9458906040677535E-002   4.9458906040677535E-002   4.9458906040677535E-002   4.9458906040677535E-002
  0.62740240021795235       0.52784190498481398       0.25374903906685908       0.17666445097770048       0.17666445097770048       0.10840174367890711       0.10840174367890711       0.10840174367890711       0.10840174367890711       0.10840174367890711        4.9458906040677535E-002   4.9458906040677535E-002   4.9458906040677535E-002   4.9458906040677535E-002   4.9458906040677535E-002   4.9458906040677535E-002   4.9458906040677535E-002   4.9458906040677535E-002
  0.62740240021795235       0.52784190498481398       0.25374903906685908       0.17666445097770048       0.17666445097770048       0.10840174367890711       0.10840174367890711       0.10840174367890711       0.10840174367890711       0.10840174367890711        4.9458906040677535E-002   4.9458906040677535E-002   4.9458906040677535E-002   4.9458906040677535E-002   4.9458906040677535E-002   4.9458906040677535E-002   4.9458906040677535E-002   4.9458906040677535E-002
  0.50138648324847135       0.39299401595784406       0.15900625630746634       0.10598287411686677       0.10598287411686677        6.2665281525567287E-002   6.2665281525567287E-002   6.2665281525567287E-002   6.2665281525567287E-002   6.2665281525567287E-002   2.7720517002099203E-002   2.7720517002099203E-002   2.7720517002099203E-002   2.7720517002099203E-002   2.7720517002099203E-002   2.7720517002099203E-002   2.7720517002099203E-002   2.7720517002099203E-002
  0.30191293309619516       0.21354208383938122        7.1361123948638208E-002   4.5759644156682447E-002   4.5759644156682447E-002   2.6243105439182245E-002   2.6243105439182245E-002   2.6243105439182245E-002   2.6243105439182245E-002   2.6243105439182245E-002   1.1333942271047892E-002   1.1333942271047892E-002   1.1333942271047892E-002   1.1333942271047892E-002   1.1333942271047892E-002   1.1333942271047892E-002   1.1333942271047892E-002   1.1333942271047892E-002
