  0.88930007917803211       0.87004631021145518       0.77499080642606266       0.72728647809292135       0.57019022303220612       0.57019022303220612       0.57019022303220612       0.57019022303220612       0.44134746609374381       0.44134746609374381       0.25837612814315697       0.25837612814315697       0.25837612814315697     
  0.87546383586310661       0.83318333713685955       0.65419576271109381       0.57946081405503391       0.38341129898464654       0.38341129898464654       0.38341129898464654       0.38341129898464654       0.26310471991341056       0.26310471991341056       0.13265569607718208       0.13265569607718208       0.13265569607718208     
  0.87546383586310661       0.83318333713685955       0.65419576271109381       0.57946081405503391       0.38341129898464654       0.38341129898464654       0.38341129898464654       0.38341129898464654       0.26310471991341056       0.26310471991341056       0.13265569607718208       0.13265569607718208       0.13265569607718208     
  0.86193079973240772       0.79902012511313847       0.56528169415911456       0.48083446918147521       0.28815606122798576       0.28815606122798576       0.28815606122798576       0.28815606122798576       0.18692346900003731       0.18692346900003731        8.8969271322571514E-002   8.8969271322571514E-002   8.8969271322571514E-002
  0.83807259144459789       0.74292054983279210       0.45211663877910585       0.36608516205785069       0.19770113784036392       0.19770113784036392       0.19770113784036392       0.19770113784036392       0.12191444797613135       0.12191444797613135        5.5381343733330826E-002   5.5381343733330826E-002   5.5381343733330826E-002
  0.83807259144459789       0.74292054983279210       0.45211663877910585       0.36608516205785069       0.19770113784036392       0.19770113784036392       0.19770113784036392       0.19770113784036392       0.12191444797613135       0.12191444797613135        5.5381343733330826E-002   5.5381343733330826E-002   5.5381343733330826E-002
  0.83807259144459789       0.74292054983279210       0.45211663877910585       0.36608516205785069       0.19770113784036392       0.19770113784036392       0.19770113784036392       0.19770113784036392       0.12191444797613135       0.12191444797613135        5.5381343733330826E-002   5.5381343733330826E-002   5.5381343733330826E-002
  0.79113977007070935       0.64575200158933521       0.31637618803741052       0.24220615227369227       0.11818832480028622       0.11818832480028622       0.11818832480028622       0.11818832480028622        6.9850471024135732E-002   6.9850471024135732E-002   3.0612680222963203E-002   3.0612680222963203E-002   3.0612680222963203E-002
  0.79113977007070935       0.64575200158933521       0.31637618803741052       0.24220615227369227       0.11818832480028622       0.11818832480028622       0.11818832480028622       0.11818832480028622        6.9850471024135732E-002   6.9850471024135732E-002   3.0612680222963203E-002   3.0612680222963203E-002   3.0612680222963203E-002
  0.68739436552497402       0.47745292565847436       0.17487602842007502       0.12667844458418046        5.6714523898177015E-002   5.6714523898177015E-002   5.6714523898177015E-002   5.6714523898177015E-002   3.2474502014678816E-002   3.2474502014678816E-002   1.3881206930925805E-002   1.3881206930925805E-002   1.3881206930925805E-002
  0.68739436552497402       0.47745292565847436       0.17487602842007502       0.12667844458418046        5.6714523898177015E-002   5.6714523898177015E-002   5.6714523898177015E-002   5.6714523898177015E-002   3.2474502014678816E-002   3.2474502014678816E-002   1.3881206930925805E-002   1.3881206930925805E-002   1.3881206930925805E-002
  0.68739436552497402       0.47745292565847436       0.17487602842007502       0.12667844458418046        5.6714523898177015E-002   5.6714523898177015E-002   5.6714523898177015E-002   5.6714523898177015E-002   3.2474502014678816E-002   3.2474502014678816E-002   1.3881206930925805E-002   1.3881206930925805E-002   1.3881206930925805E-002
  0.68739436552497402       0.47745292565847436       0.17487602842007502       0.12667844458418046        5.6714523898177015E-002   5.6714523898177015E-002   5.6714523898177015E-002   5.6714523898177015E-002   3.2474502014678816E-002   3.2474502014678816E-002   1.3881206930925805E-002   1.3881206930925805E-002   1.3881206930925805E-002
  0.45152268075193663       0.23424797464893005        6.2866681130085880E-002   4.3680378960673658E-002   1.8461579310144412E-002   1.8461579310144412E-002   1.8461579310144412E-002   1.8461579310144412E-002   1.0369972626343458E-002   1.0369972626343458E-002   4.3689022138785191E-003   4.3689022138785191E-003   4.3689022138785191E-003
