  0.89999999999994373       0.89999999999994373       0.89997205859504747       0.89997205859504747       0.89993999757266918       0.89979464039638213       0.89979464039638213       0.89964104230603292       0.89964104230603292       0.89937685729145478       0.89798375875920111       0.89798375875920111       0.89594789895755245       0.89029441705278911       0.86909371828775905       0.78574367990352634       0.53237555806588588       0.53237555806588588     
  0.89999999999978764       0.89999999999978764       0.89989442494811023       0.89989442494811023       0.89977330657752064       0.89922448489161599       0.89922448489161599       0.89864508286612554       0.89864508286612554       0.89764980805448413       0.89242822335123018       0.89242822335123018       0.88487724010555868       0.86439187277150153       0.79338578973333107       0.58084102076374733       0.24935053813531427       0.24935053813531427     
  0.89999999999929647       0.89999999999929647       0.89965040624696180       0.89965040624696180       0.89924957668433747       0.89743642530421563       0.89743642530421563       0.89552777404175554       0.89552777404175554       0.89226234860888698       0.87539911247174595       0.87539911247174595       0.85178332317549821       0.79194308019376791       0.62279724718634821       0.31914962423305776        9.3333421011373666E-002   9.3333421011373666E-002
  0.89999999999476687       0.89999999999476687       0.89740625856049983       0.89740625856049983       0.89444826212461193       0.88127586108478184       0.88127586108478184       0.86776737163637241       0.86776737163637241       0.84546681921440747       0.74440321609857529       0.74440321609857529       0.63334221015149905       0.44668108799537176       0.20879067420589847        6.1911627847016287E-002   1.3785867640290807E-002   1.3785867640290807E-002
  0.89999999997785751       0.89999999997785751       0.88912698252715150       0.88912698252715150       0.87696931572649528       0.82576712204809588       0.82576712204809588       0.77776647675347554       0.77776647675347554       0.70704361361746970       0.47760954913141540       0.47760954913141540       0.32357659182339349       0.17000602191510078        5.9971741063321364E-002   1.5443972125514151E-002   3.2968210443738151E-003   3.2968210443738151E-003
  0.89999999997785751       0.89999999997785751       0.88912698252715150       0.88912698252715150       0.87696931572649528       0.82576712204809588       0.82576712204809588       0.77776647675347554       0.77776647675347554       0.70704361361746970       0.47760954913141540       0.47760954913141540       0.32357659182339349       0.17000602191510078        5.9971741063321364E-002   1.5443972125514151E-002   3.2968210443738151E-003   3.2968210443738151E-003
  0.89999999995923019       0.89999999995923019       0.88017982112485538       0.88017982112485538       0.85848500301110897       0.77217790625453908       0.77217790625453908       0.69800180426614555       0.69800180426614555       0.59898933548792821       0.34239906627290045       0.34239906627290045       0.21026534860572987       0.10104555335407094        3.3591219621778870E-002   8.4533316958145619E-003   1.7933831536415961E-003   1.7933831536415961E-003
  0.89999999992779556       0.89999999992779556       0.86548630882968269       0.86548630882968269       0.82900549199643725       0.69597722135279405       0.69597722135279405       0.59504496135034113       0.59504496135034113       0.47620707636789572       0.23172354576817988       0.23172354576817988       0.13217590939685614        5.9990740411008076E-002   1.9281679517843014E-002   4.7930526922656735E-003   1.0135726921114397E-003   1.0135726921114397E-003
  0.89999999987483004       0.89999999987483004       0.84180693254989836       0.84180693254989836       0.78366151487212610       0.59674870956232118       0.59674870956232118       0.47659135096574679       0.47659135096574679       0.35395252618770318       0.15001625494238069       0.15001625494238069        8.1299539962334785E-002   3.5610816741324887E-002   1.1224637000416276E-002   2.7711781042903203E-003   5.8497101923517345E-004   5.8497101923517345E-004
  0.89999999987483004       0.89999999987483004       0.84180693254989836       0.84180693254989836       0.78366151487212610       0.59674870956232118       0.59674870956232118       0.47659135096574679       0.47659135096574679       0.35395252618770318       0.15001625494238069       0.15001625494238069        8.1299539962334785E-002   3.5610816741324887E-002   1.1224637000416276E-002   2.7711781042903203E-003   5.8497101923517345E-004   5.8497101923517345E-004
  0.89999999961548727       0.89999999961548727       0.74233895861851817       0.74233895861851817       0.61809022502670175       0.35138988776106056       0.35138988776106056       0.24132171213170234       0.24132171213170234       0.15680324399490975        5.5013924347496926E-002   5.5013924347496926E-002   2.8179088946742026E-002   1.1908767159722016E-002   3.6844935571901981E-003   9.0386586463017161E-004   1.9048525752033907E-004   1.9048525752033907E-004
  0.89999999961548727       0.89999999961548727       0.74233895861851817       0.74233895861851817       0.61809022502670175       0.35138988776106056       0.35138988776106056       0.24132171213170234       0.24132171213170234       0.15680324399490975        5.5013924347496926E-002   5.5013924347496926E-002   2.8179088946742026E-002   1.1908767159722016E-002   3.6844935571901981E-003   9.0386586463017161E-004   1.9048525752033907E-004   1.9048525752033907E-004
  0.89999999927848329       0.89999999927848329       0.64354380015089530       0.64354380015089530       0.48496660271445308       0.22903913754107935       0.22903913754107935       0.14702485622854511       0.14702485622854511        9.0970895419622055E-002   3.0181365391496597E-002   3.0181365391496597E-002   1.5240939741029689E-002   6.3862534922738473E-003   1.9674153925141242E-003   4.8194205186449747E-004   1.0152931212782726E-004   1.0152931212782726E-004
  0.89999999849459678       0.89999999849459678       0.49134307918209463       0.49134307918209463       0.32303012321292052       0.12651086836220216       0.12651086836220216        7.6996812861273550E-002   7.6996812861273550E-002   4.6009999425953609E-002   1.4718137258712507E-002   1.4718137258712507E-002   7.3675070504909557E-003   3.0712514697382649E-003   9.4373911464221464E-004   2.3098141474681816E-004   4.8649460601965749E-005   4.8649460601965749E-005
  0.89999999590085500       0.89999999590085500       0.27576508553889717       0.27576508553889717       0.15355178081356172        5.1019537089290252E-002   5.1019537089290252E-002   2.9908947382640161E-002   2.9908947382640161E-002   1.7470048192756039E-002   5.4642952524856844E-003   5.4642952524856844E-003   2.7210751495190433E-003   1.1308866643662398E-003   3.4698073978384268E-004   8.4881435296765446E-005   1.7875498179099455E-005   1.7875498179099455E-005
