  0.99444424227267936       0.97860792843574518       0.96738271546252774       0.95302098931802515       0.95302098931802515       0.95302098931802515       0.93452310055076182       0.87875882545218209       0.87875882545218209       0.83658503874217782       0.83658503874217782       0.83658503874217782       0.70276673457444150       0.70276673457444150       0.45386363330967289       0.45386363330967289       0.45386363330967289       0.45386363330967289       0.25921381811826216       0.25921381811826216       0.25921381811826216     
  0.99220750658395684       0.97018666722151070       0.95474685202543741       0.93519414113767441       0.93519414113767441       0.93519414113767441       0.91033735857563092       0.83755546836847872       0.83755546836847872       0.78456286629786665       0.78456286629786665       0.78456286629786665       0.62713138112667166       0.62713138112667166       0.37153208067023585       0.37153208067023585       0.37153208067023585       0.37153208067023585       0.19930614845805797       0.19930614845805797       0.19930614845805797     
  0.98525327619575487       0.94467621348074871       0.91715312619956013       0.88334186905580436       0.88334186905580436       0.88334186905580436       0.84195776320591753       0.73012509730569841       0.73012509730569841       0.65646131280117936       0.65646131280117936       0.65646131280117936       0.46879968782694070       0.46879968782694070       0.23675679437179509       0.23675679437179509       0.23675679437179509       0.23675679437179509       0.11552266466646371       0.11552266466646371       0.11552266466646371     
  0.98525327619575487       0.94467621348074871       0.91715312619956013       0.88334186905580436       0.88334186905580436       0.88334186905580436       0.84195776320591753       0.73012509730569841       0.73012509730569841       0.65646131280117936       0.65646131280117936       0.65646131280117936       0.46879968782694070       0.46879968782694070       0.23675679437179509       0.23675679437179509       0.23675679437179509       0.23675679437179509       0.11552266466646371       0.11552266466646371       0.11552266466646371     
  0.97292876503768100       0.90181895893616160       0.85621985229944231       0.80288528412822346       0.80288528412822346       0.80288528412822346       0.74131775527016897       0.59271940079544561       0.59271940079544561       0.50688091439290828       0.50688091439290828       0.50688091439290828       0.32191125889141109       0.32191125889141109       0.14300138866957965       0.14300138866957965       0.14300138866957965       0.14300138866957965        6.5646609455254107E-002   6.5646609455254107E-002   6.5646609455254107E-002
  0.96350169894485016       0.87091462900164929       0.81392390482094190       0.74949021932020155       0.74949021932020155       0.74949021932020155       0.67793505305125756       0.51666584561017581       0.51666584561017581       0.43020734507998304       0.43020734507998304       0.43020734507998304       0.25854726724883925       0.25854726724883925       0.10918310502603024       0.10918310502603024       0.10918310502603024       0.10918310502603024        4.9074348297451040E-002   4.9074348297451040E-002   4.9074348297451040E-002
  0.95077788428765309       0.83155651611081316       0.76193910575795964       0.68643918179288133       0.68643918179288133       0.68643918179288133       0.60633377959817925       0.43888635843478896       0.43888635843478896       0.35586055660595750       0.35586055660595750       0.35586055660595750       0.20328243657993683       0.20328243657993683        8.2301195387200862E-002   8.2301195387200862E-002   8.2301195387200862E-002   8.2301195387200862E-002   3.6387271478693674E-002   3.6387271478693674E-002   3.6387271478693674E-002
  0.95077788428765309       0.83155651611081316       0.76193910575795964       0.68643918179288133       0.68643918179288133       0.68643918179288133       0.60633377959817925       0.43888635843478896       0.43888635843478896       0.35586055660595750       0.35586055660595750       0.35586055660595750       0.20328243657993683       0.20328243657993683        8.2301195387200862E-002   8.2301195387200862E-002   8.2301195387200862E-002   8.2301195387200862E-002   3.6387271478693674E-002   3.6387271478693674E-002   3.6387271478693674E-002
  0.93336053302761801       0.78164116876760537       0.69886463499516038       0.61350781128125487       0.61350781128125487       0.61350781128125487       0.52759300739387982       0.36190027404116926       0.36190027404116926       0.28601468726735002       0.28601468726735002       0.28601468726735002       0.15612507129883307       0.15612507129883307        6.1058167763447600E-002   6.1058167763447600E-002   6.1058167763447600E-002   6.1058167763447600E-002   2.6651067745670613E-002   2.6651067745670613E-002   2.6651067745670613E-002
  0.93336053302761801       0.78164116876760537       0.69886463499516038       0.61350781128125487       0.61350781128125487       0.61350781128125487       0.52759300739387982       0.36190027404116926       0.36190027404116926       0.28601468726735002       0.28601468726735002       0.28601468726735002       0.15612507129883307       0.15612507129883307        6.1058167763447600E-002   6.1058167763447600E-002   6.1058167763447600E-002   6.1058167763447600E-002   2.6651067745670613E-002   2.6651067745670613E-002   2.6651067745670613E-002
  0.90905799551343947       0.71868505166223628       0.62353727528962610       0.53115300810348665       0.53115300810348665       0.53115300810348665       0.44353602778493517       0.28814024790195170       0.28814024790195170       0.22233217939746142       0.22233217939746142       0.22233217939746142       0.11663855689651012       0.11663855689651012        4.4351898528014300E-002   4.4351898528014300E-002   4.4351898528014300E-002   4.4351898528014300E-002   1.9166831953552767E-002   1.9166831953552767E-002   1.9166831953552767E-002
  0.90905799551343947       0.71868505166223628       0.62353727528962610       0.53115300810348665       0.53115300810348665       0.53115300810348665       0.44353602778493517       0.28814024790195170       0.28814024790195170       0.22233217939746142       0.22233217939746142       0.22233217939746142       0.11663855689651012       0.11663855689651012        4.4351898528014300E-002   4.4351898528014300E-002   4.4351898528014300E-002   4.4351898528014300E-002   1.9166831953552767E-002   1.9166831953552767E-002   1.9166831953552767E-002
  0.87429052136812269       0.63996234926645712       0.53540113310734194       0.44078569091321879       0.44078569091321879       0.44078569091321879       0.35673328485707162       0.21974016427075105       0.21974016427075105       0.16591294659272313       0.16591294659272313       0.16591294659272313        8.4138399737833713E-002   8.4138399737833713E-002   3.1280448428154119E-002   3.1280448428154119E-002   3.1280448428154119E-002   3.1280448428154119E-002   1.3413772477937826E-002   1.3413772477937826E-002   1.3413772477937826E-002
  0.82279023768266235       0.54267805790311363       0.43481554388241350       0.34478416231863090       0.34478416231863090       0.34478416231863090       0.27019308926027552       0.15825714716698139       0.15825714716698139       0.11722795337621385       0.11722795337621385       0.11722795337621385        5.7786630002572982E-002   5.7786630002572982E-002   2.1102115889605536E-002   2.1102115889605536E-002   2.1102115889605536E-002   2.1102115889605536E-002   8.9950880306866668E-003   8.9950880306866668E-003   8.9950880306866668E-003
  0.82279023768266235       0.54267805790311363       0.43481554388241350       0.34478416231863090       0.34478416231863090       0.34478416231863090       0.27019308926027552       0.15825714716698139       0.15825714716698139       0.11722795337621385       0.11722795337621385       0.11722795337621385        5.7786630002572982E-002   5.7786630002572982E-002   2.1102115889605536E-002   2.1102115889605536E-002   2.1102115889605536E-002   2.1102115889605536E-002   8.9950880306866668E-003   8.9950880306866668E-003   8.9950880306866668E-003
