  0.93752026513543929       0.90013368562223950       0.77427309895711760       0.66919639952705312       0.66919639952705312       0.66919639952705312       0.66919639952705312       0.51852611996317133       0.51852611996317133       0.51852611996317133       0.51852611996317133       0.30315106885468363       0.30315106885468363       0.30315106885468363       0.30315106885468363       0.30315106885468363       0.30315106885468363       0.30315106885468363       0.30315106885468363       0.30315106885468363       0.30315106885468363       0.30315106885468363       0.30315106885468363     
  0.88514961921387880       0.82236320822501285       0.63791571473394482       0.50956960621593073       0.50956960621593073       0.50956960621593073       0.50956960621593073       0.35614600324619555       0.35614600324619555       0.35614600324619555       0.35614600324619555       0.18263337414262062       0.18263337414262062       0.18263337414262062       0.18263337414262062       0.18263337414262062       0.18263337414262062       0.18263337414262062       0.18263337414262062       0.18263337414262062       0.18263337414262062       0.18263337414262062       0.18263337414262062     
  0.85748117824297887       0.78327251097186812       0.57901419228064055       0.44786068610078783       0.44786068610078783       0.44786068610078783       0.44786068610078783       0.30159112393815435       0.30159112393815435       0.30159112393815435       0.30159112393815435       0.14852608147460086       0.14852608147460086       0.14852608147460086       0.14852608147460086       0.14852608147460086       0.14852608147460086       0.14852608147460086       0.14852608147460086       0.14852608147460086       0.14852608147460086       0.14852608147460086       0.14852608147460086     
  0.82127143335823261       0.73405611241691104       0.51229454266211416       0.38252183498165426       0.38252183498165426       0.38252183498165426       0.38252183498165426       0.24800658055071345       0.24800658055071345       0.24800658055071345       0.24800658055071345       0.11755936128397755       0.11755936128397755       0.11755936128397755       0.11755936128397755       0.11755936128397755       0.11755936128397755       0.11755936128397755       0.11755936128397755       0.11755936128397755       0.11755936128397755       0.11755936128397755       0.11755936128397755     
  0.70613124905168301       0.59072968090295763       0.35454290021990081       0.24468273771686530       0.24468273771686530       0.24468273771686530       0.24468273771686530       0.14709246224319750       0.14709246224319750       0.14709246224319750       0.14709246224319750        6.5127359387298980E-002   6.5127359387298980E-002   6.5127359387298980E-002   6.5127359387298980E-002   6.5127359387298980E-002   6.5127359387298980E-002   6.5127359387298980E-002   6.5127359387298980E-002   6.5127359387298980E-002   6.5127359387298980E-002   6.5127359387298980E-002   6.5127359387298980E-002
  0.61239791114340392       0.48693241113398444       0.26534028581977637       0.17560098098428467       0.17560098098428467       0.17560098098428467       0.17560098098428467       0.10184828397733345       0.10184828397733345       0.10184828397733345       0.10184828397733345        4.3800115045979832E-002   4.3800115045979832E-002   4.3800115045979832E-002   4.3800115045979832E-002   4.3800115045979832E-002   4.3800115045979832E-002   4.3800115045979832E-002   4.3800115045979832E-002   4.3800115045979832E-002   4.3800115045979832E-002   4.3800115045979832E-002   4.3800115045979832E-002
  0.61239791114340392       0.48693241113398444       0.26534028581977637       0.17560098098428467       0.17560098098428467       0.17560098098428467       0.17560098098428467       0.10184828397733345       0.10184828397733345       0.10184828397733345       0.10184828397733345        4.3800115045979832E-002   4.3800115045979832E-002   4.3800115045979832E-002   4.3800115045979832E-002   4.3800115045979832E-002   4.3800115045979832E-002   4.3800115045979832E-002   4.3800115045979832E-002   4.3800115045979832E-002   4.3800115045979832E-002   4.3800115045979832E-002   4.3800115045979832E-002
  0.61239791114340392       0.48693241113398444       0.26534028581977637       0.17560098098428467       0.17560098098428467       0.17560098098428467       0.17560098098428467       0.10184828397733345       0.10184828397733345       0.10184828397733345       0.10184828397733345        4.3800115045979832E-002   4.3800115045979832E-002   4.3800115045979832E-002   4.3800115045979832E-002   4.3800115045979832E-002   4.3800115045979832E-002   4.3800115045979832E-002   4.3800115045979832E-002   4.3800115045979832E-002   4.3800115045979832E-002   4.3800115045979832E-002   4.3800115045979832E-002
  0.47760397790695241       0.35449714985323977       0.17286722866273727       0.10973141936078450       0.10973141936078450       0.10973141936078450       0.10973141936078450        6.1577614949209269E-002   6.1577614949209269E-002   6.1577614949209269E-002   6.1577614949209269E-002   2.5821738212357250E-002   2.5821738212357250E-002   2.5821738212357250E-002   2.5821738212357250E-002   2.5821738212357250E-002   2.5821738212357250E-002   2.5821738212357250E-002   2.5821738212357250E-002   2.5821738212357250E-002   2.5821738212357250E-002   2.5821738212357250E-002   2.5821738212357250E-002
  0.47760397790695241       0.35449714985323977       0.17286722866273727       0.10973141936078450       0.10973141936078450       0.10973141936078450       0.10973141936078450        6.1577614949209269E-002   6.1577614949209269E-002   6.1577614949209269E-002   6.1577614949209269E-002   2.5821738212357250E-002   2.5821738212357250E-002   2.5821738212357250E-002   2.5821738212357250E-002   2.5821738212357250E-002   2.5821738212357250E-002   2.5821738212357250E-002   2.5821738212357250E-002   2.5821738212357250E-002   2.5821738212357250E-002   2.5821738212357250E-002   2.5821738212357250E-002
