  0.98493996993819177       0.98146684519490746       0.96501078820104458       0.87869032196885766       0.83380985996756396       0.83380985996756396       0.76222416793567205       0.76222416793567205       0.76222416793567205       0.76222416793567205       0.41228474287633443       0.41228474287633443       0.41228474287633443       0.41228474287633443       0.41228474287633443       0.41228474287633443     
  0.93867858447572217       0.92534537278130546       0.86586788533439818       0.62899168426445529       0.54008389887383046       0.54008389887383046       0.42866988051541521       0.42866988051541521       0.42866988051541521       0.42866988051541521       0.14103491939285301       0.14103491939285301       0.14103491939285301       0.14103491939285301       0.14103491939285301       0.14103491939285301     
  0.87266000255720999       0.84730727656861748       0.74292904953006456       0.43149233069601906       0.34457361537025410       0.34457361537025410       0.25144155172770305       0.25144155172770305       0.25144155172770305       0.25144155172770305        6.8473398043097836E-002   6.8473398043097836E-002   6.8473398043097836E-002   6.8473398043097836E-002   6.8473398043097836E-002   6.8473398043097836E-002
  0.81036533160567015       0.77579652304887947       0.64312391981805739       0.32124314107556562       0.24688824051236219       0.24688824051236219       0.17318245510790256       0.17318245510790256       0.17318245510790256       0.17318245510790256        4.3827407319666077E-002   4.3827407319666077E-002   4.3827407319666077E-002   4.3827407319666077E-002   4.3827407319666077E-002   4.3827407319666077E-002
  0.81036533160567015       0.77579652304887947       0.64312391981805739       0.32124314107556562       0.24688824051236219       0.24688824051236219       0.17318245510790256       0.17318245510790256       0.17318245510790256       0.17318245510790256        4.3827407319666077E-002   4.3827407319666077E-002   4.3827407319666077E-002   4.3827407319666077E-002   4.3827407319666077E-002   4.3827407319666077E-002
  0.81036533160567015       0.77579652304887947       0.64312391981805739       0.32124314107556562       0.24688824051236219       0.24688824051236219       0.17318245510790256       0.17318245510790256       0.17318245510790256       0.17318245510790256        4.3827407319666077E-002   4.3827407319666077E-002   4.3827407319666077E-002   4.3827407319666077E-002   4.3827407319666077E-002   4.3827407319666077E-002
  0.81036533160567015       0.77579652304887947       0.64312391981805739       0.32124314107556562       0.24688824051236219       0.24688824051236219       0.17318245510790256       0.17318245510790256       0.17318245510790256       0.17318245510790256        4.3827407319666077E-002   4.3827407319666077E-002   4.3827407319666077E-002   4.3827407319666077E-002   4.3827407319666077E-002   4.3827407319666077E-002
  0.81036533160567015       0.77579652304887947       0.64312391981805739       0.32124314107556562       0.24688824051236219       0.24688824051236219       0.17318245510790256       0.17318245510790256       0.17318245510790256       0.17318245510790256        4.3827407319666077E-002   4.3827407319666077E-002   4.3827407319666077E-002   4.3827407319666077E-002   4.3827407319666077E-002   4.3827407319666077E-002
  0.71073341973740656       0.66549944245271386       0.50887702296503068       0.21391239804364631       0.15859559914664492       0.15859559914664492       0.10748659843945833       0.10748659843945833       0.10748659843945833       0.10748659843945833        2.5677779860640147E-002   2.5677779860640147E-002   2.5677779860640147E-002   2.5677779860640147E-002   2.5677779860640147E-002   2.5677779860640147E-002
  0.71073341973740656       0.66549944245271386       0.50887702296503068       0.21391239804364631       0.15859559914664492       0.15859559914664492       0.10748659843945833       0.10748659843945833       0.10748659843945833       0.10748659843945833        2.5677779860640147E-002   2.5677779860640147E-002   2.5677779860640147E-002   2.5677779860640147E-002   2.5677779860640147E-002   2.5677779860640147E-002
  0.55351709305429619       0.50096050914500756       0.34331740219396617       0.12072750425866266        8.6845683398397433E-002   8.6845683398397433E-002   5.7284600999494159E-002   5.7284600999494159E-002   5.7284600999494159E-002   5.7284600999494159E-002   1.3123073718048106E-002   1.3123073718048106E-002   1.3123073718048106E-002   1.3123073718048106E-002   1.3123073718048106E-002   1.3123073718048106E-002
  0.55351709305429619       0.50096050914500756       0.34331740219396617       0.12072750425866266        8.6845683398397433E-002   8.6845683398397433E-002   5.7284600999494159E-002   5.7284600999494159E-002   5.7284600999494159E-002   5.7284600999494159E-002   1.3123073718048106E-002   1.3123073718048106E-002   1.3123073718048106E-002   1.3123073718048106E-002   1.3123073718048106E-002   1.3123073718048106E-002
  0.55351709305429619       0.50096050914500756       0.34331740219396617       0.12072750425866266        8.6845683398397433E-002   8.6845683398397433E-002   5.7284600999494159E-002   5.7284600999494159E-002   5.7284600999494159E-002   5.7284600999494159E-002   1.3123073718048106E-002   1.3123073718048106E-002   1.3123073718048106E-002   1.3123073718048106E-002   1.3123073718048106E-002   1.3123073718048106E-002
  0.55351709305429619       0.50096050914500756       0.34331740219396617       0.12072750425866266        8.6845683398397433E-002   8.6845683398397433E-002   5.7284600999494159E-002   5.7284600999494159E-002   5.7284600999494159E-002   5.7284600999494159E-002   1.3123073718048106E-002   1.3123073718048106E-002   1.3123073718048106E-002   1.3123073718048106E-002   1.3123073718048106E-002   1.3123073718048106E-002
  0.31970823195727338       0.27564607106032385       0.16540495350988282        4.9474227177954806E-002   3.4798030011370093E-002   3.4798030011370093E-002   2.2516410896426840E-002   2.2516410896426840E-002   2.2516410896426840E-002   2.2516410896426840E-002   5.0155810243475004E-003   5.0155810243475004E-003   5.0155810243475004E-003   5.0155810243475004E-003   5.0155810243475004E-003   5.0155810243475004E-003
  0.31970823195727338       0.27564607106032385       0.16540495350988282        4.9474227177954806E-002   3.4798030011370093E-002   3.4798030011370093E-002   2.2516410896426840E-002   2.2516410896426840E-002   2.2516410896426840E-002   2.2516410896426840E-002   5.0155810243475004E-003   5.0155810243475004E-003   5.0155810243475004E-003   5.0155810243475004E-003   5.0155810243475004E-003   5.0155810243475004E-003
  0.31970823195727338       0.27564607106032385       0.16540495350988282        4.9474227177954806E-002   3.4798030011370093E-002   3.4798030011370093E-002   2.2516410896426840E-002   2.2516410896426840E-002   2.2516410896426840E-002   2.2516410896426840E-002   5.0155810243475004E-003   5.0155810243475004E-003   5.0155810243475004E-003   5.0155810243475004E-003   5.0155810243475004E-003   5.0155810243475004E-003
  0.31970823195727338       0.27564607106032385       0.16540495350988282        4.9474227177954806E-002   3.4798030011370093E-002   3.4798030011370093E-002   2.2516410896426840E-002   2.2516410896426840E-002   2.2516410896426840E-002   2.2516410896426840E-002   5.0155810243475004E-003   5.0155810243475004E-003   5.0155810243475004E-003   5.0155810243475004E-003   5.0155810243475004E-003   5.0155810243475004E-003
  0.31970823195727338       0.27564607106032385       0.16540495350988282        4.9474227177954806E-002   3.4798030011370093E-002   3.4798030011370093E-002   2.2516410896426840E-002   2.2516410896426840E-002   2.2516410896426840E-002   2.2516410896426840E-002   5.0155810243475004E-003   5.0155810243475004E-003   5.0155810243475004E-003   5.0155810243475004E-003   5.0155810243475004E-003   5.0155810243475004E-003
  0.31970823195727338       0.27564607106032385       0.16540495350988282        4.9474227177954806E-002   3.4798030011370093E-002   3.4798030011370093E-002   2.2516410896426840E-002   2.2516410896426840E-002   2.2516410896426840E-002   2.2516410896426840E-002   5.0155810243475004E-003   5.0155810243475004E-003   5.0155810243475004E-003   5.0155810243475004E-003   5.0155810243475004E-003   5.0155810243475004E-003
  0.31970823195727338       0.27564607106032385       0.16540495350988282        4.9474227177954806E-002   3.4798030011370093E-002   3.4798030011370093E-002   2.2516410896426840E-002   2.2516410896426840E-002   2.2516410896426840E-002   2.2516410896426840E-002   5.0155810243475004E-003   5.0155810243475004E-003   5.0155810243475004E-003   5.0155810243475004E-003   5.0155810243475004E-003   5.0155810243475004E-003
  0.31970823195727338       0.27564607106032385       0.16540495350988282        4.9474227177954806E-002   3.4798030011370093E-002   3.4798030011370093E-002   2.2516410896426840E-002   2.2516410896426840E-002   2.2516410896426840E-002   2.2516410896426840E-002   5.0155810243475004E-003   5.0155810243475004E-003   5.0155810243475004E-003   5.0155810243475004E-003   5.0155810243475004E-003   5.0155810243475004E-003
  0.31970823195727338       0.27564607106032385       0.16540495350988282        4.9474227177954806E-002   3.4798030011370093E-002   3.4798030011370093E-002   2.2516410896426840E-002   2.2516410896426840E-002   2.2516410896426840E-002   2.2516410896426840E-002   5.0155810243475004E-003   5.0155810243475004E-003   5.0155810243475004E-003   5.0155810243475004E-003   5.0155810243475004E-003   5.0155810243475004E-003
  0.31970823195727338       0.27564607106032385       0.16540495350988282        4.9474227177954806E-002   3.4798030011370093E-002   3.4798030011370093E-002   2.2516410896426840E-002   2.2516410896426840E-002   2.2516410896426840E-002   2.2516410896426840E-002   5.0155810243475004E-003   5.0155810243475004E-003   5.0155810243475004E-003   5.0155810243475004E-003   5.0155810243475004E-003   5.0155810243475004E-003
  0.31970823195727338       0.27564607106032385       0.16540495350988282        4.9474227177954806E-002   3.4798030011370093E-002   3.4798030011370093E-002   2.2516410896426840E-002   2.2516410896426840E-002   2.2516410896426840E-002   2.2516410896426840E-002   5.0155810243475004E-003   5.0155810243475004E-003   5.0155810243475004E-003   5.0155810243475004E-003   5.0155810243475004E-003   5.0155810243475004E-003
