  0.90204388627395904       0.90204388627395904       0.78079245915187878       0.68969800549946880       0.42202790829322101       0.42202790829322101       0.42202790829322101       0.42202790829322101       0.23362505575722828       0.23362505575722828       0.23362505575722828       0.23362505575722828       0.23362505575722828       0.23362505575722828       0.23362505575722828       0.23362505575722828       0.23362505575722828       0.23362505575722828       0.23362505575722828       0.23362505575722828       0.23362505575722828     
  0.87555901320933649       0.87555901320933649       0.73129007431890836       0.62938867912280283       0.35811228096475217       0.35811228096475217       0.35811228096475217       0.35811228096475217       0.18891637318087343       0.18891637318087343       0.18891637318087343       0.18891637318087343       0.18891637318087343       0.18891637318087343       0.18891637318087343       0.18891637318087343       0.18891637318087343       0.18891637318087343       0.18891637318087343       0.18891637318087343       0.18891637318087343     
  0.83958832905037906       0.83958832905037906       0.66936513714257995       0.55816853990948267       0.29329601639361186       0.29329601639361186       0.29329601639361186       0.29329601639361186       0.14767809906953841       0.14767809906953841       0.14767809906953841       0.14767809906953841       0.14767809906953841       0.14767809906953841       0.14767809906953841       0.14767809906953841       0.14767809906953841       0.14767809906953841       0.14767809906953841       0.14767809906953841       0.14767809906953841     
  0.78959042105720501       0.78959042105720501       0.59208832647687759       0.47527581858284312       0.22932272316254271       0.22932272316254271       0.22932272316254271       0.22932272316254271       0.11050045827653762       0.11050045827653762       0.11050045827653762       0.11050045827653762       0.11050045827653762       0.11050045827653762       0.11050045827653762       0.11050045827653762       0.11050045827653762       0.11050045827653762       0.11050045827653762       0.11050045827653762       0.11050045827653762     
  0.78959042105720501       0.78959042105720501       0.59208832647687759       0.47527581858284312       0.22932272316254271       0.22932272316254271       0.22932272316254271       0.22932272316254271       0.11050045827653762       0.11050045827653762       0.11050045827653762       0.11050045827653762       0.11050045827653762       0.11050045827653762       0.11050045827653762       0.11050045827653762       0.11050045827653762       0.11050045827653762       0.11050045827653762       0.11050045827653762       0.11050045827653762     
  0.71840399505115649       0.71840399505115649       0.49667641210092983       0.38110112027199716       0.16825585230574530       0.16825585230574530       0.16825585230574530       0.16825585230574530        7.7877641719604110E-002   7.7877641719604110E-002   7.7877641719604110E-002   7.7877641719604110E-002   7.7877641719604110E-002   7.7877641719604110E-002   7.7877641719604110E-002   7.7877641719604110E-002   7.7877641719604110E-002   7.7877641719604110E-002   7.7877641719604110E-002   7.7877641719604110E-002   7.7877641719604110E-002
  0.61585149378768844       0.61585149378768844       0.38275367256103765       0.27899360368020037       0.11278328538233871       0.11278328538233871       0.11278328538233871       0.11278328538233871        5.0396584937526828E-002   5.0396584937526828E-002   5.0396584937526828E-002   5.0396584937526828E-002   5.0396584937526828E-002   5.0396584937526828E-002   5.0396584937526828E-002   5.0396584937526828E-002   5.0396584937526828E-002   5.0396584937526828E-002   5.0396584937526828E-002   5.0396584937526828E-002   5.0396584937526828E-002
  0.46909029497267318       0.46909029497267318       0.25470959724515030       0.17577591507611717        6.5473502684469623E-002   6.5473502684469623E-002   6.5473502684469623E-002   6.5473502684469623E-002   2.8418236719224176E-002   2.8418236719224176E-002   2.8418236719224176E-002   2.8418236719224176E-002   2.8418236719224176E-002   2.8418236719224176E-002   2.8418236719224176E-002   2.8418236719224176E-002   2.8418236719224176E-002   2.8418236719224176E-002   2.8418236719224176E-002   2.8418236719224176E-002   2.8418236719224176E-002
  0.46909029497267318       0.46909029497267318       0.25470959724515030       0.17577591507611717        6.5473502684469623E-002   6.5473502684469623E-002   6.5473502684469623E-002   6.5473502684469623E-002   2.8418236719224176E-002   2.8418236719224176E-002   2.8418236719224176E-002   2.8418236719224176E-002   2.8418236719224176E-002   2.8418236719224176E-002   2.8418236719224176E-002   2.8418236719224176E-002   2.8418236719224176E-002   2.8418236719224176E-002   2.8418236719224176E-002   2.8418236719224176E-002   2.8418236719224176E-002
  0.26570672188036165       0.26570672188036165       0.12277947561183879        8.0324138493026220E-002   2.7892376002242539E-002   2.7892376002242539E-002   2.7892376002242539E-002   2.7892376002242539E-002   1.1837051829652891E-002   1.1837051829652891E-002   1.1837051829652891E-002   1.1837051829652891E-002   1.1837051829652891E-002   1.1837051829652891E-002   1.1837051829652891E-002   1.1837051829652891E-002   1.1837051829652891E-002   1.1837051829652891E-002   1.1837051829652891E-002   1.1837051829652891E-002   1.1837051829652891E-002
  0.26570672188036165       0.26570672188036165       0.12277947561183879        8.0324138493026220E-002   2.7892376002242539E-002   2.7892376002242539E-002   2.7892376002242539E-002   2.7892376002242539E-002   1.1837051829652891E-002   1.1837051829652891E-002   1.1837051829652891E-002   1.1837051829652891E-002   1.1837051829652891E-002   1.1837051829652891E-002   1.1837051829652891E-002   1.1837051829652891E-002   1.1837051829652891E-002   1.1837051829652891E-002   1.1837051829652891E-002   1.1837051829652891E-002   1.1837051829652891E-002
