  0.89999999987383361       0.89999999987383361       0.89999999975287415       0.89999999961356336       0.89999999901109073       0.89999999872637459       0.89999999834362154       0.89999999449784540       0.89999998780852475     
  0.89263783083397030       0.89263783083397030       0.88569042633276041       0.87782267673908598       0.84535106176797103       0.83082647637554119       0.81207156348892884       0.66190482521605309       0.50087898952657384     
  0.87820055145039699       0.87820055145039699       0.85826618813472844       0.83640264701009204       0.75341198796619180       0.71966459555058626       0.67879498022053697       0.43214779813265686       0.26484277598535083     
  0.87820055145039699       0.87820055145039699       0.85826618813472844       0.83640264701009204       0.75341198796619180       0.71966459555058626       0.67879498022053697       0.43214779813265686       0.26484277598535083     
  0.87820055145039699       0.87820055145039699       0.85826618813472844       0.83640264701009204       0.75341198796619180       0.71966459555058626       0.67879498022053697       0.43214779813265686       0.26484277598535083     
  0.87820055145039699       0.87820055145039699       0.85826618813472844       0.83640264701009204       0.75341198796619180       0.71966459555058626       0.67879498022053697       0.43214779813265686       0.26484277598535083     
  0.87820055145039699       0.87820055145039699       0.85826618813472844       0.83640264701009204       0.75341198796619180       0.71966459555058626       0.67879498022053697       0.43214779813265686       0.26484277598535083     
  0.87820055145039699       0.87820055145039699       0.85826618813472844       0.83640264701009204       0.75341198796619180       0.71966459555058626       0.67879498022053697       0.43214779813265686       0.26484277598535083     
  0.85209472230037697       0.85209472230037697       0.81071510291947335       0.76777818633246975       0.62471103529096961       0.57414894810787820       0.51781447230766020       0.26071859603848740       0.13993162033124959     
  0.80800538069741945       0.80800538069741945       0.73587755599818971       0.66728221310961233       0.47558513677318887       0.41873385344444958       0.36076546506037777       0.15086466179866237        7.5000503146603337E-002
  0.80800538069741945       0.80800538069741945       0.73587755599818971       0.66728221310961233       0.47558513677318887       0.41873385344444958       0.36076546506037777       0.15086466179866237        7.5000503146603337E-002
  0.73685965033356560       0.73685965033356560       0.62774576289740691       0.53629353230783117       0.32902377276068101       0.27820792774776232       0.23038097144367561        8.4458763548856383E-002   4.0195882355939107E-002
  0.73685965033356560       0.73685965033356560       0.62774576289740691       0.53629353230783117       0.32902377276068101       0.27820792774776232       0.23038097144367561        8.4458763548856383E-002   4.0195882355939107E-002
  0.73685965033356560       0.73685965033356560       0.62774576289740691       0.53629353230783117       0.32902377276068101       0.27820792774776232       0.23038097144367561        8.4458763548856383E-002   4.0195882355939107E-002
  0.73685965033356560       0.73685965033356560       0.62774576289740691       0.53629353230783117       0.32902377276068101       0.27820792774776232       0.23038097144367561        8.4458763548856383E-002   4.0195882355939107E-002
  0.62760208101840098       0.62760208101840098       0.48642743917186088       0.38634751938921041       0.20445279865262819       0.16724097852657005       0.13436806562515535        4.5158706626610999E-002   2.0962668976961318E-002
  0.62760208101840098       0.62760208101840098       0.48642743917186088       0.38634751938921041       0.20445279865262819       0.16724097852657005       0.13436806562515535        4.5158706626610999E-002   2.0962668976961318E-002
  0.62760208101840098       0.62760208101840098       0.48642743917186088       0.38634751938921041       0.20445279865262819       0.16724097852657005       0.13436806562515535        4.5158706626610999E-002   2.0962668976961318E-002
  0.62760208101840098       0.62760208101840098       0.48642743917186088       0.38634751938921041       0.20445279865262819       0.16724097852657005       0.13436806562515535        4.5158706626610999E-002   2.0962668976961318E-002
  0.62760208101840098       0.62760208101840098       0.48642743917186088       0.38634751938921041       0.20445279865262819       0.16724097852657005       0.13436806562515535        4.5158706626610999E-002   2.0962668976961318E-002
  0.47031738860378591       0.47031738860378591       0.32261974688697126       0.23693431640493812       0.11028123219757023        8.8039780513771967E-002   6.9263139391189027E-002   2.2034149587805411E-002   1.0082120438477645E-002
  0.47031738860378591       0.47031738860378591       0.32261974688697126       0.23693431640493812       0.11028123219757023        8.8039780513771967E-002   6.9263139391189027E-002   2.2034149587805411E-002   1.0082120438477645E-002
  0.26044089256005937       0.26044089256005937       0.15489332572310652       0.10560685932199752        4.4448833211602680E-002   3.4897706715219863E-002   2.7076958086086979E-002   8.3254984284691028E-003   3.7774870599090156E-003
  0.26044089256005937       0.26044089256005937       0.15489332572310652       0.10560685932199752        4.4448833211602680E-002   3.4897706715219863E-002   2.7076958086086979E-002   8.3254984284691028E-003   3.7774870599090156E-003
  0.26044089256005937       0.26044089256005937       0.15489332572310652       0.10560685932199752        4.4448833211602680E-002   3.4897706715219863E-002   2.7076958086086979E-002   8.3254984284691028E-003   3.7774870599090156E-003
  0.26044089256005937       0.26044089256005937       0.15489332572310652       0.10560685932199752        4.4448833211602680E-002   3.4897706715219863E-002   2.7076958086086979E-002   8.3254984284691028E-003   3.7774870599090156E-003
  0.26044089256005937       0.26044089256005937       0.15489332572310652       0.10560685932199752        4.4448833211602680E-002   3.4897706715219863E-002   2.7076958086086979E-002   8.3254984284691028E-003   3.7774870599090156E-003
  0.26044089256005937       0.26044089256005937       0.15489332572310652       0.10560685932199752        4.4448833211602680E-002   3.4897706715219863E-002   2.7076958086086979E-002   8.3254984284691028E-003   3.7774870599090156E-003
  0.26044089256005937       0.26044089256005937       0.15489332572310652       0.10560685932199752        4.4448833211602680E-002   3.4897706715219863E-002   2.7076958086086979E-002   8.3254984284691028E-003   3.7774870599090156E-003
  0.26044089256005937       0.26044089256005937       0.15489332572310652       0.10560685932199752        4.4448833211602680E-002   3.4897706715219863E-002   2.7076958086086979E-002   8.3254984284691028E-003   3.7774870599090156E-003
  0.26044089256005937       0.26044089256005937       0.15489332572310652       0.10560685932199752        4.4448833211602680E-002   3.4897706715219863E-002   2.7076958086086979E-002   8.3254984284691028E-003   3.7774870599090156E-003
