  0.93808331762154906       0.80087319643362032       0.70409865595421939       0.70409865595421939       0.70409865595421939       0.70409865595421939       0.55687624387094314       0.55687624387094314       0.33308826539533487       0.33308826539533487       0.33308826539533487       0.33308826539533487       0.33308826539533487       0.33308826539533487       0.33308826539533487       0.33308826539533487       0.33308826539533487       0.33308826539533487     
  0.86717099492842842       0.63410896401754946       0.50625387455520920       0.50625387455520920       0.50625387455520920       0.50625387455520920       0.35128818737832129       0.35128818737832129       0.17709917635598854       0.17709917635598854       0.17709917635598854       0.17709917635598854       0.17709917635598854       0.17709917635598854       0.17709917635598854       0.17709917635598854       0.17709917635598854       0.17709917635598854     
  0.82548688619030419       0.55667665320775195       0.42624619604569486       0.42624619604569486       0.42624619604569486       0.42624619604569486       0.28179368108334629       0.28179368108334629       0.13489830339166056       0.13489830339166056       0.13489830339166056       0.13489830339166056       0.13489830339166056       0.13489830339166056       0.13489830339166056       0.13489830339166056       0.13489830339166056       0.13489830339166056     
  0.82548688619030419       0.55667665320775195       0.42624619604569486       0.42624619604569486       0.42624619604569486       0.42624619604569486       0.28179368108334629       0.28179368108334629       0.13489830339166056       0.13489830339166056       0.13489830339166056       0.13489830339166056       0.13489830339166056       0.13489830339166056       0.13489830339166056       0.13489830339166056       0.13489830339166056       0.13489830339166056     
  0.54828091361984888       0.24368877774795153       0.16010735782110122       0.16010735782110122       0.16010735782110122       0.16010735782110122        9.1469081866575194E-002   9.1469081866575194E-002   3.8472772945330358E-002   3.8472772945330358E-002   3.8472772945330358E-002   3.8472772945330358E-002   3.8472772945330358E-002   3.8472772945330358E-002   3.8472772945330358E-002   3.8472772945330358E-002   3.8472772945330358E-002   3.8472772945330358E-002
  0.54828091361984888       0.24368877774795153       0.16010735782110122       0.16010735782110122       0.16010735782110122       0.16010735782110122        9.1469081866575194E-002   9.1469081866575194E-002   3.8472772945330358E-002   3.8472772945330358E-002   3.8472772945330358E-002   3.8472772945330358E-002   3.8472772945330358E-002   3.8472772945330358E-002   3.8472772945330358E-002   3.8472772945330358E-002   3.8472772945330358E-002   3.8472772945330358E-002
  0.54828091361984888       0.24368877774795153       0.16010735782110122       0.16010735782110122       0.16010735782110122       0.16010735782110122        9.1469081866575194E-002   9.1469081866575194E-002   3.8472772945330358E-002   3.8472772945330358E-002   3.8472772945330358E-002   3.8472772945330358E-002   3.8472772945330358E-002   3.8472772945330358E-002   3.8472772945330358E-002   3.8472772945330358E-002   3.8472772945330358E-002   3.8472772945330358E-002
  0.54828091361984888       0.24368877774795153       0.16010735782110122       0.16010735782110122       0.16010735782110122       0.16010735782110122        9.1469081866575194E-002   9.1469081866575194E-002   3.8472772945330358E-002   3.8472772945330358E-002   3.8472772945330358E-002   3.8472772945330358E-002   3.8472772945330358E-002   3.8472772945330358E-002   3.8472772945330358E-002   3.8472772945330358E-002   3.8472772945330358E-002   3.8472772945330358E-002
  0.33770694259142464       0.11922203297680994        7.4145589385248678E-002   7.4145589385248678E-002   7.4145589385248678E-002   7.4145589385248678E-002   4.0578787049613728E-002   4.0578787049613728E-002   1.6531320291908794E-002   1.6531320291908794E-002   1.6531320291908794E-002   1.6531320291908794E-002   1.6531320291908794E-002   1.6531320291908794E-002   1.6531320291908794E-002   1.6531320291908794E-002   1.6531320291908794E-002   1.6531320291908794E-002
  0.33770694259142464       0.11922203297680994        7.4145589385248678E-002   7.4145589385248678E-002   7.4145589385248678E-002   7.4145589385248678E-002   4.0578787049613728E-002   4.0578787049613728E-002   1.6531320291908794E-002   1.6531320291908794E-002   1.6531320291908794E-002   1.6531320291908794E-002   1.6531320291908794E-002   1.6531320291908794E-002   1.6531320291908794E-002   1.6531320291908794E-002   1.6531320291908794E-002   1.6531320291908794E-002
  0.33770694259142464       0.11922203297680994        7.4145589385248678E-002   7.4145589385248678E-002   7.4145589385248678E-002   7.4145589385248678E-002   4.0578787049613728E-002   4.0578787049613728E-002   1.6531320291908794E-002   1.6531320291908794E-002   1.6531320291908794E-002   1.6531320291908794E-002   1.6531320291908794E-002   1.6531320291908794E-002   1.6531320291908794E-002   1.6531320291908794E-002   1.6531320291908794E-002   1.6531320291908794E-002
  0.33770694259142464       0.11922203297680994        7.4145589385248678E-002   7.4145589385248678E-002   7.4145589385248678E-002   7.4145589385248678E-002   4.0578787049613728E-002   4.0578787049613728E-002   1.6531320291908794E-002   1.6531320291908794E-002   1.6531320291908794E-002   1.6531320291908794E-002   1.6531320291908794E-002   1.6531320291908794E-002   1.6531320291908794E-002   1.6531320291908794E-002   1.6531320291908794E-002   1.6531320291908794E-002
