  0.87834464206239671       0.86023857633779144       0.68684392569833752       0.68684392569833752       0.59299835268366152       0.59299835268366152       0.45955656110755905       0.45955656110755905       0.45955656110755905       0.26919167213317885       0.26919167213317885       0.26919167213317885       0.26919167213317885       0.26919167213317885       0.26919167213317885       0.26919167213317885       0.26919167213317885       0.26919167213317885     
  0.84719501733216962       0.80583680093263288       0.50432365277496605       0.50432365277496605       0.38981032748258460       0.38981032748258460       0.26293203003889687       0.26293203003889687       0.26293203003889687       0.12997963111248248       0.12997963111248248       0.12997963111248248       0.12997963111248248       0.12997963111248248       0.12997963111248248       0.12997963111248248       0.12997963111248248       0.12997963111248248     
  0.84719501733216962       0.80583680093263288       0.50432365277496605       0.50432365277496605       0.38981032748258460       0.38981032748258460       0.26293203003889687       0.26293203003889687       0.26293203003889687       0.12997963111248248       0.12997963111248248       0.12997963111248248       0.12997963111248248       0.12997963111248248       0.12997963111248248       0.12997963111248248       0.12997963111248248       0.12997963111248248     
  0.84719501733216962       0.80583680093263288       0.50432365277496605       0.50432365277496605       0.38981032748258460       0.38981032748258460       0.26293203003889687       0.26293203003889687       0.26293203003889687       0.12997963111248248       0.12997963111248248       0.12997963111248248       0.12997963111248248       0.12997963111248248       0.12997963111248248       0.12997963111248248       0.12997963111248248       0.12997963111248248     
  0.78965116844139382       0.71316266880854273       0.32620234153523558       0.32620234153523558       0.22875154278668589       0.22875154278668589       0.13991898983273243       0.13991898983273243       0.13991898983273243        6.3015792557179443E-002   6.3015792557179443E-002   6.3015792557179443E-002   6.3015792557179443E-002   6.3015792557179443E-002   6.3015792557179443E-002   6.3015792557179443E-002   6.3015792557179443E-002   6.3015792557179443E-002
  0.72639453694913814       0.62152242993594908       0.22453062975838955       0.22453062975838955       0.14953785986762036       0.14953785986762036        8.7458851379655200E-002   8.7458851379655200E-002   8.7458851379655200E-002   3.7949535001180791E-002   3.7949535001180791E-002   3.7949535001180791E-002   3.7949535001180791E-002   3.7949535001180791E-002   3.7949535001180791E-002   3.7949535001180791E-002   3.7949535001180791E-002   3.7949535001180791E-002
  0.72639453694913814       0.62152242993594908       0.22453062975838955       0.22453062975838955       0.14953785986762036       0.14953785986762036        8.7458851379655200E-002   8.7458851379655200E-002   8.7458851379655200E-002   3.7949535001180791E-002   3.7949535001180791E-002   3.7949535001180791E-002   3.7949535001180791E-002   3.7949535001180791E-002   3.7949535001180791E-002   3.7949535001180791E-002   3.7949535001180791E-002   3.7949535001180791E-002
  0.72639453694913814       0.62152242993594908       0.22453062975838955       0.22453062975838955       0.14953785986762036       0.14953785986762036        8.7458851379655200E-002   8.7458851379655200E-002   8.7458851379655200E-002   3.7949535001180791E-002   3.7949535001180791E-002   3.7949535001180791E-002   3.7949535001180791E-002   3.7949535001180791E-002   3.7949535001180791E-002   3.7949535001180791E-002   3.7949535001180791E-002   3.7949535001180791E-002
  0.72639453694913814       0.62152242993594908       0.22453062975838955       0.22453062975838955       0.14953785986762036       0.14953785986762036        8.7458851379655200E-002   8.7458851379655200E-002   8.7458851379655200E-002   3.7949535001180791E-002   3.7949535001180791E-002   3.7949535001180791E-002   3.7949535001180791E-002   3.7949535001180791E-002   3.7949535001180791E-002   3.7949535001180791E-002   3.7949535001180791E-002   3.7949535001180791E-002
  0.60610569374636170       0.47143989075272874       0.12669732775838777       0.12669732775838777        8.0487078264216111E-002   8.0487078264216111E-002   4.5341812359332608E-002   4.5341812359332608E-002   4.5341812359332608E-002   1.9113564572961050E-002   1.9113564572961050E-002   1.9113564572961050E-002   1.9113564572961050E-002   1.9113564572961050E-002   1.9113564572961050E-002   1.9113564572961050E-002   1.9113564572961050E-002   1.9113564572961050E-002
  0.37889256814663147       0.25150759677212037        4.9147764539546446E-002   4.9147764539546446E-002   3.0120429351283593E-002   3.0120429351283593E-002   1.6524659112914661E-002   1.6524659112914661E-002   1.6524659112914661E-002   6.8326044373975747E-003   6.8326044373975747E-003   6.8326044373975747E-003   6.8326044373975747E-003   6.8326044373975747E-003   6.8326044373975747E-003   6.8326044373975747E-003   6.8326044373975747E-003   6.8326044373975747E-003
