  0.99402648625732015       0.96720926051739697       0.94521800837527370       0.83425715402618572       0.69489215772569335       0.69489215772569335       0.43442017765319180       0.43442017765319180     
  0.98659275444746686       0.92879349636239428       0.88412512147317035       0.69000394983098223       0.50178121971502909       0.50178121971502909       0.25354279118839240       0.25354279118839240     
  0.97093231327322460       0.85550781703737000       0.77595631497999318       0.50257630645025686       0.31373664278493485       0.31373664278493485       0.13358359927990882       0.13358359927990882     
  0.93451881910582024       0.71669152123142665       0.59673868410367625       0.30152313160517019       0.16341048417651910       0.16341048417651910        6.1803537257547461E-002   6.1803537257547461E-002
  0.84104426970805291       0.48397018529041624       0.35426227514975839       0.13796382240929694        6.7526627047076279E-002   6.7526627047076279E-002   2.3840290242045439E-002   2.3840290242045439E-002
  0.84104426970805291       0.48397018529041624       0.35426227514975839       0.13796382240929694        6.7526627047076279E-002   6.7526627047076279E-002   2.3840290242045439E-002   2.3840290242045439E-002
  0.84104426970805291       0.48397018529041624       0.35426227514975839       0.13796382240929694        6.7526627047076279E-002   6.7526627047076279E-002   2.3840290242045439E-002   2.3840290242045439E-002
  0.84104426970805291       0.48397018529041624       0.35426227514975839       0.13796382240929694        6.7526627047076279E-002   6.7526627047076279E-002   2.3840290242045439E-002   2.3840290242045439E-002
  0.58345516904848393       0.19889957320472920       0.12681690299966542        4.0646348235688932E-002   1.8810255431984228E-002   1.8810255431984228E-002   6.4238426705055399E-003   6.4238426705055399E-003
  0.58345516904848393       0.19889957320472920       0.12681690299966542        4.0646348235688932E-002   1.8810255431984228E-002   1.8810255431984228E-002   6.4238426705055399E-003   6.4238426705055399E-003
  0.58345516904848393       0.19889957320472920       0.12681690299966542        4.0646348235688932E-002   1.8810255431984228E-002   1.8810255431984228E-002   6.4238426705055399E-003   6.4238426705055399E-003
