  0.82038839873572644       0.71849132876199329       0.71849132876199329       0.67384442337392902       0.56406985059144510       0.33408182096500866       0.33408182096500866       0.33408182096500866       0.23575016680073616       0.23575016680073616       0.23575016680073616       0.23575016680073616       0.23575016680073616       0.12477166778631718       0.12477166778631718       0.12477166778631718       0.12477166778631718       0.12477166778631718     
  0.82038839873572644       0.71849132876199329       0.71849132876199329       0.67384442337392902       0.56406985059144510       0.33408182096500866       0.33408182096500866       0.33408182096500866       0.23575016680073616       0.23575016680073616       0.23575016680073616       0.23575016680073616       0.23575016680073616       0.12477166778631718       0.12477166778631718       0.12477166778631718       0.12477166778631718       0.12477166778631718     
  0.79235416925765667       0.66485977795010631       0.66485977795010631       0.61230312413839194       0.49079689662133580       0.26694406358725165       0.26694406358725165       0.26694406358725165       0.18201758263975562       0.18201758263975562       0.18201758263975562       0.18201758263975562       0.18201758263975562        9.2799713452813057E-002   9.2799713452813057E-002   9.2799713452813057E-002   9.2799713452813057E-002   9.2799713452813057E-002
  0.79235416925765667       0.66485977795010631       0.66485977795010631       0.61230312413839194       0.49079689662133580       0.26694406358725165       0.26694406358725165       0.26694406358725165       0.18201758263975562       0.18201758263975562       0.18201758263975562       0.18201758263975562       0.18201758263975562        9.2799713452813057E-002   9.2799713452813057E-002   9.2799713452813057E-002   9.2799713452813057E-002   9.2799713452813057E-002
  0.75226115902699919       0.59552805388324925       0.59552805388324925       0.53595992984979268       0.40811279932851258       0.20324145208923219       0.20324145208923219       0.20324145208923219       0.13428262901681423       0.13428262901681423       0.13428262901681423       0.13428262901681423       0.13428262901681423        6.6301895155864085E-002   6.6301895155864085E-002   6.6301895155864085E-002   6.6301895155864085E-002   6.6301895155864085E-002
  0.75226115902699919       0.59552805388324925       0.59552805388324925       0.53595992984979268       0.40811279932851258       0.20324145208923219       0.20324145208923219       0.20324145208923219       0.13428262901681423       0.13428262901681423       0.13428262901681423       0.13428262901681423       0.13428262901681423        6.6301895155864085E-002   6.6301895155864085E-002   6.6301895155864085E-002   6.6301895155864085E-002   6.6301895155864085E-002
  0.75226115902699919       0.59552805388324925       0.59552805388324925       0.53595992984979268       0.40811279932851258       0.20324145208923219       0.20324145208923219       0.20324145208923219       0.13428262901681423       0.13428262901681423       0.13428262901681423       0.13428262901681423       0.13428262901681423        6.6301895155864085E-002   6.6301895155864085E-002   6.6301895155864085E-002   6.6301895155864085E-002   6.6301895155864085E-002
  0.69384402541768264       0.50747479438127796       0.50747479438127796       0.44387412666714732       0.31875922229938558       0.14547703404109991       0.14547703404109991       0.14547703404109991        9.3487670293923783E-002   9.3487670293923783E-002   9.3487670293923783E-002   9.3487670293923783E-002   9.3487670293923783E-002   4.4947140986769718E-002   4.4947140986769718E-002   4.4947140986769718E-002   4.4947140986769718E-002   4.4947140986769718E-002
  0.69384402541768264       0.50747479438127796       0.50747479438127796       0.44387412666714732       0.31875922229938558       0.14547703404109991       0.14547703404109991       0.14547703404109991        9.3487670293923783E-002   9.3487670293923783E-002   9.3487670293923783E-002   9.3487670293923783E-002   9.3487670293923783E-002   4.4947140986769718E-002   4.4947140986769718E-002   4.4947140986769718E-002   4.4947140986769718E-002   4.4947140986769718E-002
  0.60746685795339950       0.39935461890163887       0.39935461890163887       0.33764837061133213       0.22753880742100396        9.5682212652146201E-002   9.5682212652146201E-002   9.5682212652146201E-002   6.0071336116373560E-002   6.0071336116373560E-002   6.0071336116373560E-002   6.0071336116373560E-002   6.0071336116373560E-002   2.8272955035599595E-002   2.8272955035599595E-002   2.8272955035599595E-002   2.8272955035599595E-002   2.8272955035599595E-002
  0.60746685795339950       0.39935461890163887       0.39935461890163887       0.33764837061133213       0.22753880742100396        9.5682212652146201E-002   9.5682212652146201E-002   9.5682212652146201E-002   6.0071336116373560E-002   6.0071336116373560E-002   6.0071336116373560E-002   6.0071336116373560E-002   6.0071336116373560E-002   2.8272955035599595E-002   2.8272955035599595E-002   2.8272955035599595E-002   2.8272955035599595E-002   2.8272955035599595E-002
  0.60746685795339950       0.39935461890163887       0.39935461890163887       0.33764837061133213       0.22753880742100396        9.5682212652146201E-002   9.5682212652146201E-002   9.5682212652146201E-002   6.0071336116373560E-002   6.0071336116373560E-002   6.0071336116373560E-002   6.0071336116373560E-002   6.0071336116373560E-002   2.8272955035599595E-002   2.8272955035599595E-002   2.8272955035599595E-002   2.8272955035599595E-002   2.8272955035599595E-002
  0.60746685795339950       0.39935461890163887       0.39935461890163887       0.33764837061133213       0.22753880742100396        9.5682212652146201E-002   9.5682212652146201E-002   9.5682212652146201E-002   6.0071336116373560E-002   6.0071336116373560E-002   6.0071336116373560E-002   6.0071336116373560E-002   6.0071336116373560E-002   2.8272955035599595E-002   2.8272955035599595E-002   2.8272955035599595E-002   2.8272955035599595E-002   2.8272955035599595E-002
  0.60746685795339950       0.39935461890163887       0.39935461890163887       0.33764837061133213       0.22753880742100396        9.5682212652146201E-002   9.5682212652146201E-002   9.5682212652146201E-002   6.0071336116373560E-002   6.0071336116373560E-002   6.0071336116373560E-002   6.0071336116373560E-002   6.0071336116373560E-002   2.8272955035599595E-002   2.8272955035599595E-002   2.8272955035599595E-002   2.8272955035599595E-002   2.8272955035599595E-002
  0.60746685795339950       0.39935461890163887       0.39935461890163887       0.33764837061133213       0.22753880742100396        9.5682212652146201E-002   9.5682212652146201E-002   9.5682212652146201E-002   6.0071336116373560E-002   6.0071336116373560E-002   6.0071336116373560E-002   6.0071336116373560E-002   6.0071336116373560E-002   2.8272955035599595E-002   2.8272955035599595E-002   2.8272955035599595E-002   2.8272955035599595E-002   2.8272955035599595E-002
  0.28517585965855696       0.13610564458615476       0.13610564458615476       0.10642832273255041        6.3241576529014271E-002   2.3295451565450091E-002   2.3295451565450091E-002   2.3295451565450091E-002   1.4151378681763343E-002   1.4151378681763343E-002   1.4151378681763343E-002   1.4151378681763343E-002   1.4151378681763343E-002   6.4731049758142241E-003   6.4731049758142241E-003   6.4731049758142241E-003   6.4731049758142241E-003   6.4731049758142241E-003
