  0.82291697919888751       0.82291697919888751       0.31097411531992364       0.31097411531992364       0.31097411531992364       0.31097411531992364       0.31097411531992364       0.16355958654782504       0.16355958654782504       0.16355958654782504       0.16355958654782504       0.16355958654782504       0.16355958654782504       0.16355958654782504       0.16355958654782504       0.16355958654782504       0.16355958654782504       0.16355958654782504     
  0.82291697919888751       0.82291697919888751       0.31097411531992364       0.31097411531992364       0.31097411531992364       0.31097411531992364       0.31097411531992364       0.16355958654782504       0.16355958654782504       0.16355958654782504       0.16355958654782504       0.16355958654782504       0.16355958654782504       0.16355958654782504       0.16355958654782504       0.16355958654782504       0.16355958654782504       0.16355958654782504     
  0.76080301011779294       0.76080301011779294       0.23600309982953099       0.23600309982953099       0.23600309982953099       0.23600309982953099       0.23600309982953099       0.11803954130054613       0.11803954130054613       0.11803954130054613       0.11803954130054613       0.11803954130054613       0.11803954130054613       0.11803954130054613       0.11803954130054613       0.11803954130054613       0.11803954130054613       0.11803954130054613     
  0.76080301011779294       0.76080301011779294       0.23600309982953099       0.23600309982953099       0.23600309982953099       0.23600309982953099       0.23600309982953099       0.11803954130054613       0.11803954130054613       0.11803954130054613       0.11803954130054613       0.11803954130054613       0.11803954130054613       0.11803954130054613       0.11803954130054613       0.11803954130054613       0.11803954130054613       0.11803954130054613     
  0.76080301011779294       0.76080301011779294       0.23600309982953099       0.23600309982953099       0.23600309982953099       0.23600309982953099       0.23600309982953099       0.11803954130054613       0.11803954130054613       0.11803954130054613       0.11803954130054613       0.11803954130054613       0.11803954130054613       0.11803954130054613       0.11803954130054613       0.11803954130054613       0.11803954130054613       0.11803954130054613     
  0.76080301011779294       0.76080301011779294       0.23600309982953099       0.23600309982953099       0.23600309982953099       0.23600309982953099       0.23600309982953099       0.11803954130054613       0.11803954130054613       0.11803954130054613       0.11803954130054613       0.11803954130054613       0.11803954130054613       0.11803954130054613       0.11803954130054613       0.11803954130054613       0.11803954130054613       0.11803954130054613     
  0.66658974414197480       0.66658974414197480       0.16260053151249404       0.16260053151249404       0.16260053151249404       0.16260053151249404       0.16260053151249404        7.7599858624452733E-002   7.7599858624452733E-002   7.7599858624452733E-002   7.7599858624452733E-002   7.7599858624452733E-002   7.7599858624452733E-002   7.7599858624452733E-002   7.7599858624452733E-002   7.7599858624452733E-002   7.7599858624452733E-002   7.7599858624452733E-002
  0.52079547124029091       0.52079547124029091        9.5472373934471624E-002   9.5472373934471624E-002   9.5472373934471624E-002   9.5472373934471624E-002   9.5472373934471624E-002   4.3730888432385352E-002   4.3730888432385352E-002   4.3730888432385352E-002   4.3730888432385352E-002   4.3730888432385352E-002   4.3730888432385352E-002   4.3730888432385352E-002   4.3730888432385352E-002   4.3730888432385352E-002   4.3730888432385352E-002   4.3730888432385352E-002
  0.52079547124029091       0.52079547124029091        9.5472373934471624E-002   9.5472373934471624E-002   9.5472373934471624E-002   9.5472373934471624E-002   9.5472373934471624E-002   4.3730888432385352E-002   4.3730888432385352E-002   4.3730888432385352E-002   4.3730888432385352E-002   4.3730888432385352E-002   4.3730888432385352E-002   4.3730888432385352E-002   4.3730888432385352E-002   4.3730888432385352E-002   4.3730888432385352E-002   4.3730888432385352E-002
  0.30140353446842827       0.30140353446842827        4.0216550616850658E-002   4.0216550616850658E-002   4.0216550616850658E-002   4.0216550616850658E-002   4.0216550616850658E-002   1.7830772690432244E-002   1.7830772690432244E-002   1.7830772690432244E-002   1.7830772690432244E-002   1.7830772690432244E-002   1.7830772690432244E-002   1.7830772690432244E-002   1.7830772690432244E-002   1.7830772690432244E-002   1.7830772690432244E-002   1.7830772690432244E-002
  0.30140353446842827       0.30140353446842827        4.0216550616850658E-002   4.0216550616850658E-002   4.0216550616850658E-002   4.0216550616850658E-002   4.0216550616850658E-002   1.7830772690432244E-002   1.7830772690432244E-002   1.7830772690432244E-002   1.7830772690432244E-002   1.7830772690432244E-002   1.7830772690432244E-002   1.7830772690432244E-002   1.7830772690432244E-002   1.7830772690432244E-002   1.7830772690432244E-002   1.7830772690432244E-002
