  0.95416597321871310       0.94740827706393860       0.94740827706393860       0.93960173503591971       0.93960173503591971       0.93055091799757639       0.90754014619207657       0.89279947678784888       0.87514555096445401       0.87514555096445401       0.85379399902117625       0.85379399902117625       0.85379399902117625       0.82762125284536847       0.82762125284536847       0.79505834844510392       0.70108861313548210       0.53893289420099999       0.53893289420099999     
  0.93317806286812077       0.92357379739589696       0.92357379739589696       0.91255588766423412       0.91255588766423412       0.89988403115563798       0.86815199011663780       0.84818223686353922       0.82462400391563973       0.82462400391563973       0.79664032515648597       0.79664032515648597       0.79664032515648597       0.76307547110567320       0.76307547110567320       0.72240925666366940       0.61140950100080549       0.43949820972077053       0.43949820972077053     
  0.81404105919331082       0.79114572309002196       0.79114572309002196       0.76587606669615371       0.76587606669615371       0.73804981986377716       0.67362736441015747       0.63653003606139691       0.59578082300453661       0.59578082300453661       0.55115720962174108       0.55115720962174108       0.55115720962174108       0.50238388102522591       0.50238388102522591       0.44926625743036663       0.33029772534770935       0.19729638114035714       0.19729638114035714     
  0.77377104988529866       0.74745581762742119       0.74745581762742119       0.71877904696718620       0.71877904696718620       0.68763817482135781       0.61724735188599456       0.57775849516042033       0.53523131398713786       0.53523131398713786       0.48964922046940224       0.48964922046940224       0.48964922046940224       0.44097134699315976       0.44097134699315976       0.38926752742478671       0.27816236449738596       0.16110423059793183       0.16110423059793183     
  0.77377104988529866       0.74745581762742119       0.74745581762742119       0.71877904696718620       0.71877904696718620       0.68763817482135781       0.61724735188599456       0.57775849516042033       0.53523131398713786       0.53523131398713786       0.48964922046940224       0.48964922046940224       0.48964922046940224       0.44097134699315976       0.44097134699315976       0.38926752742478671       0.27816236449738596       0.16110423059793183       0.16110423059793183     
  0.72850354239317505       0.69897126149879230       0.69897126149879230       0.66723998883343594       0.66723998883343594       0.63330355589158871       0.55852939014061653       0.51771593686799555       0.47464030176713345       0.47464030176713345       0.42945033359851420       0.42945033359851420       0.42945033359851420       0.38227434103479591       0.38227434103479591       0.33334887000667746       0.23213758459023337       0.13093464805947388       0.13093464805947388     
  0.72850354239317505       0.69897126149879230       0.69897126149879230       0.66723998883343594       0.66723998883343594       0.63330355589158871       0.55852939014061653       0.51771593686799555       0.47464030176713345       0.47464030176713345       0.42945033359851420       0.42945033359851420       0.42945033359851420       0.38227434103479591       0.38227434103479591       0.33334887000667746       0.23213758459023337       0.13093464805947388       0.13093464805947388     
  0.67771683946041683       0.64534956468672455       0.64534956468672455       0.61111081200569395       0.61111081200569395       0.57509536087108726       0.49786286645358185       0.45689453209721315       0.41452983163167823       0.41452983163167823       0.37102116276671010       0.37102116276671010       0.37102116276671010       0.32658966853949839       0.32658966853949839       0.28154280230838508       0.19154152291078225       0.10560286607807451       0.10560286607807451     
  0.67771683946041683       0.64534956468672455       0.64534956468672455       0.61111081200569395       0.61111081200569395       0.57509536087108726       0.49786286645358185       0.45689453209721315       0.41452983163167823       0.41452983163167823       0.37102116276671010       0.37102116276671010       0.37102116276671010       0.32658966853949839       0.32658966853949839       0.28154280230838508       0.19154152291078225       0.10560286607807451       0.10560286607807451     
  0.67771683946041683       0.64534956468672455       0.64534956468672455       0.61111081200569395       0.61111081200569395       0.57509536087108726       0.49786286645358185       0.45689453209721315       0.41452983163167823       0.41452983163167823       0.37102116276671010       0.37102116276671010       0.37102116276671010       0.32658966853949839       0.32658966853949839       0.28154280230838508       0.19154152291078225       0.10560286607807451       0.10560286607807451     
  0.62085858078672329       0.58626701801171632       0.58626701801171632       0.55029901296604322       0.55029901296604322       0.51313851092951479       0.43569472514822644       0.39580964401854540       0.35540247617520981       0.35540247617520981       0.31476328481599725       0.31476328481599725       0.31476328481599725       0.27413263552882738       0.27413263552882738       0.23380906089082271       0.15575878713757998        8.4202600189220503E-002   8.4202600189220503E-002
  0.62085858078672329       0.58626701801171632       0.58626701801171632       0.55029901296604322       0.55029901296604322       0.51313851092951479       0.43569472514822644       0.39580964401854540       0.35540247617520981       0.35540247617520981       0.31476328481599725       0.31476328481599725       0.31476328481599725       0.27413263552882738       0.27413263552882738       0.23380906089082271       0.15575878713757998        8.4202600189220503E-002   8.4202600189220503E-002
  0.62085858078672329       0.58626701801171632       0.58626701801171632       0.55029901296604322       0.55029901296604322       0.51313851092951479       0.43569472514822644       0.39580964401854540       0.35540247617520981       0.35540247617520981       0.31476328481599725       0.31476328481599725       0.31476328481599725       0.27413263552882738       0.27413263552882738       0.23380906089082271       0.15575878713757998        8.4202600189220503E-002   8.4202600189220503E-002
  0.55737460118274418       0.52145537586600910       0.52145537586600910       0.48480432769407683       0.48480432769407683       0.44766386069359176       0.37254038648547377       0.33500452023201549       0.29774575589849001       0.29774575589849001       0.26102965386563481       0.26102965386563481       0.26102965386563481       0.22505703621000411       0.22505703621000411       0.19006207053657592       0.12424728178842301        6.6035272137962828E-002   6.6035272137962828E-002
  0.55737460118274418       0.52145537586600910       0.52145537586600910       0.48480432769407683       0.48480432769407683       0.44766386069359176       0.37254038648547377       0.33500452023201549       0.29774575589849001       0.29774575589849001       0.26102965386563481       0.26102965386563481       0.26102965386563481       0.22505703621000411       0.22505703621000411       0.19006207053657592       0.12424728178842301        6.6035272137962828E-002   6.6035272137962828E-002
  0.48659630541817944       0.45059495403567362       0.45059495403567362       0.41460931871602158       0.41460931871602158       0.37889158474423729       0.30885553489405831       0.27492483412058272       0.24191723068185503       0.24191723068185503       0.21002658974834232       0.21002658974834232       0.21002658974834232       0.17937657850949013       0.17937657850949013       0.15010876328686087        9.6480974413369835E-002   5.0527393846613165E-002   5.0527393846613165E-002
  0.48659630541817944       0.45059495403567362       0.45059495403567362       0.41460931871602158       0.41460931871602158       0.37889158474423729       0.30885553489405831       0.27492483412058272       0.24191723068185503       0.24191723068185503       0.21002658974834232       0.21002658974834232       0.21002658974834232       0.17937657850949013       0.17937657850949013       0.15010876328686087        9.6480974413369835E-002   5.0527393846613165E-002   5.0527393846613165E-002
  0.40790171222688532       0.37348709831142335       0.37348709831142335       0.33985026488665598       0.33985026488665598       0.30719319829877645       0.24517864322448230       0.21605660774249685       0.18828145565267895       0.18828145565267895       0.16195083961612214       0.16195083961612214       0.16195083961612214       0.13709911358075758       0.13709911358075758       0.11377308370706804        7.2026429060611394E-002   3.7240390283358606E-002   3.7240390283358606E-002
  0.40790171222688532       0.37348709831142335       0.37348709831142335       0.33985026488665598       0.33985026488665598       0.30719319829877645       0.24517864322448230       0.21605660774249685       0.18828145565267895       0.18828145565267895       0.16195083961612214       0.16195083961612214       0.16195083961612214       0.13709911358075758       0.13709911358075758       0.11377308370706804        7.2026429060611394E-002   3.7240390283358606E-002   3.7240390283358606E-002
  0.40790171222688532       0.37348709831142335       0.37348709831142335       0.33985026488665598       0.33985026488665598       0.30719319829877645       0.24517864322448230       0.21605660774249685       0.18828145565267895       0.18828145565267895       0.16195083961612214       0.16195083961612214       0.16195083961612214       0.13709911358075758       0.13709911358075758       0.11377308370706804        7.2026429060611394E-002   3.7240390283358606E-002   3.7240390283358606E-002
  0.40790171222688532       0.37348709831142335       0.37348709831142335       0.33985026488665598       0.33985026488665598       0.30719319829877645       0.24517864322448230       0.21605660774249685       0.18828145565267895       0.18828145565267895       0.16195083961612214       0.16195083961612214       0.16195083961612214       0.13709911358075758       0.13709911358075758       0.11377308370706804        7.2026429060611394E-002   3.7240390283358606E-002   3.7240390283358606E-002
  0.40790171222688532       0.37348709831142335       0.37348709831142335       0.33985026488665598       0.33985026488665598       0.30719319829877645       0.24517864322448230       0.21605660774249685       0.18828145565267895       0.18828145565267895       0.16195083961612214       0.16195083961612214       0.16195083961612214       0.13709911358075758       0.13709911358075758       0.11377308370706804        7.2026429060611394E-002   3.7240390283358606E-002   3.7240390283358606E-002
  0.40790171222688532       0.37348709831142335       0.37348709831142335       0.33985026488665598       0.33985026488665598       0.30719319829877645       0.24517864322448230       0.21605660774249685       0.18828145565267895       0.18828145565267895       0.16195083961612214       0.16195083961612214       0.16195083961612214       0.13709911358075758       0.13709911358075758       0.11377308370706804        7.2026429060611394E-002   3.7240390283358606E-002   3.7240390283358606E-002
  0.40790171222688532       0.37348709831142335       0.37348709831142335       0.33985026488665598       0.33985026488665598       0.30719319829877645       0.24517864322448230       0.21605660774249685       0.18828145565267895       0.18828145565267895       0.16195083961612214       0.16195083961612214       0.16195083961612214       0.13709911358075758       0.13709911358075758       0.11377308370706804        7.2026429060611394E-002   3.7240390283358606E-002   3.7240390283358606E-002
  0.32062817145555489       0.28997077567642571       0.28997077567642571       0.26072540922323906       0.26072540922323906       0.23298819844619559       0.18201809893956819       0.15881969816033181       0.13711566876073664       0.13711566876073664       0.11690986677933352       0.11690986677933352       0.11690986677933352        9.8160224652459077E-002   9.8160224652459077E-002   8.0838601457086601E-002   5.0488109491092281E-002   2.5814889835575987E-002   2.5814889835575987E-002
  0.32062817145555489       0.28997077567642571       0.28997077567642571       0.26072540922323906       0.26072540922323906       0.23298819844619559       0.18201809893956819       0.15881969816033181       0.13711566876073664       0.13711566876073664       0.11690986677933352       0.11690986677933352       0.11690986677933352        9.8160224652459077E-002   9.8160224652459077E-002   8.0838601457086601E-002   5.0488109491092281E-002   2.5814889835575987E-002   2.5814889835575987E-002
  0.22404743967592267       0.19990742162253647       0.19990742162253647       0.17747505753572729       0.17747505753572729       0.15671693275095530       0.11982576225332088       0.10355040772066008        8.8603806164426216E-002   8.8603806164426216E-002   7.4926116226999268E-002   7.4926116226999268E-002   7.4926116226999268E-002   6.2433664427486810E-002   6.2433664427486810E-002   5.1059512902947288E-002   3.1506213194556099E-002   1.5953467233710817E-002   1.5953467233710817E-002
  0.22404743967592267       0.19990742162253647       0.19990742162253647       0.17747505753572729       0.17747505753572729       0.15671693275095530       0.11982576225332088       0.10355040772066008        8.8603806164426216E-002   8.8603806164426216E-002   7.4926116226999268E-002   7.4926116226999268E-002   7.4926116226999268E-002   6.2433664427486810E-002   6.2433664427486810E-002   5.1059512902947288E-002   3.1506213194556099E-002   1.5953467233710817E-002   1.5953467233710817E-002
  0.22404743967592267       0.19990742162253647       0.19990742162253647       0.17747505753572729       0.17747505753572729       0.15671693275095530       0.11982576225332088       0.10355040772066008        8.8603806164426216E-002   8.8603806164426216E-002   7.4926116226999268E-002   7.4926116226999268E-002   7.4926116226999268E-002   6.2433664427486810E-002   6.2433664427486810E-002   5.1059512902947288E-002   3.1506213194556099E-002   1.5953467233710817E-002   1.5953467233710817E-002
  0.22404743967592267       0.19990742162253647       0.19990742162253647       0.17747505753572729       0.17747505753572729       0.15671693275095530       0.11982576225332088       0.10355040772066008        8.8603806164426216E-002   8.8603806164426216E-002   7.4926116226999268E-002   7.4926116226999268E-002   7.4926116226999268E-002   6.2433664427486810E-002   6.2433664427486810E-002   5.1059512902947288E-002   3.1506213194556099E-002   1.5953467233710817E-002   1.5953467233710817E-002
  0.22404743967592267       0.19990742162253647       0.19990742162253647       0.17747505753572729       0.17747505753572729       0.15671693275095530       0.11982576225332088       0.10355040772066008        8.8603806164426216E-002   8.8603806164426216E-002   7.4926116226999268E-002   7.4926116226999268E-002   7.4926116226999268E-002   6.2433664427486810E-002   6.2433664427486810E-002   5.1059512902947288E-002   3.1506213194556099E-002   1.5953467233710817E-002   1.5953467233710817E-002
  0.22404743967592267       0.19990742162253647       0.19990742162253647       0.17747505753572729       0.17747505753572729       0.15671693275095530       0.11982576225332088       0.10355040772066008        8.8603806164426216E-002   8.8603806164426216E-002   7.4926116226999268E-002   7.4926116226999268E-002   7.4926116226999268E-002   6.2433664427486810E-002   6.2433664427486810E-002   5.1059512902947288E-002   3.1506213194556099E-002   1.5953467233710817E-002   1.5953467233710817E-002
  0.11739972545295436       0.10322190692247094       0.10322190692247094        9.0412967223660670E-002   9.0412967223660670E-002   7.8861610945211019E-002   5.9015007640119521E-002   5.0525150950796349E-002   4.2866299261430388E-002   4.2866299261430388E-002   3.5970408644740479E-002   3.5970408644740479E-002   3.5970408644740479E-002   2.9764074870507449E-002   2.9764074870507449E-002   2.4188112846822429E-002   1.4765132877650446E-002   7.4132075597136953E-003   7.4132075597136953E-003
  0.11739972545295436       0.10322190692247094       0.10322190692247094        9.0412967223660670E-002   9.0412967223660670E-002   7.8861610945211019E-002   5.9015007640119521E-002   5.0525150950796349E-002   4.2866299261430388E-002   4.2866299261430388E-002   3.5970408644740479E-002   3.5970408644740479E-002   3.5970408644740479E-002   2.9764074870507449E-002   2.9764074870507449E-002   2.4188112846822429E-002   1.4765132877650446E-002   7.4132075597136953E-003   7.4132075597136953E-003
  0.11739972545295436       0.10322190692247094       0.10322190692247094        9.0412967223660670E-002   9.0412967223660670E-002   7.8861610945211019E-002   5.9015007640119521E-002   5.0525150950796349E-002   4.2866299261430388E-002   4.2866299261430388E-002   3.5970408644740479E-002   3.5970408644740479E-002   3.5970408644740479E-002   2.9764074870507449E-002   2.9764074870507449E-002   2.4188112846822429E-002   1.4765132877650446E-002   7.4132075597136953E-003   7.4132075597136953E-003
  0.11739972545295436       0.10322190692247094       0.10322190692247094        9.0412967223660670E-002   9.0412967223660670E-002   7.8861610945211019E-002   5.9015007640119521E-002   5.0525150950796349E-002   4.2866299261430388E-002   4.2866299261430388E-002   3.5970408644740479E-002   3.5970408644740479E-002   3.5970408644740479E-002   2.9764074870507449E-002   2.9764074870507449E-002   2.4188112846822429E-002   1.4765132877650446E-002   7.4132075597136953E-003   7.4132075597136953E-003
