  0.85171532231718750       0.78633300285151997       0.78633300285151997       0.72301867595272040       0.72301867595272040       0.72301867595272040       0.61166335258841786       0.39893662965386323       0.39893662965386323       0.39893662965386323       0.39893662965386323       0.39893662965386323     
  0.68107130953407946       0.49460334221637620       0.49460334221637620       0.37689265694507224       0.37689265694507224       0.37689265694507224       0.24503802805266536       0.11081417392610542       0.11081417392610542       0.11081417392610542       0.11081417392610542       0.11081417392610542     
  0.58893070834993000       0.38349949030572861       0.38349949030572861       0.27433704126042929       0.27433704126042929       0.27433704126042929       0.16691296960795007        7.0853972433864931E-002   7.0853972433864931E-002   7.0853972433864931E-002   7.0853972433864931E-002   7.0853972433864931E-002
  0.58893070834993000       0.38349949030572861       0.38349949030572861       0.27433704126042929       0.27433704126042929       0.27433704126042929       0.16691296960795007        7.0853972433864931E-002   7.0853972433864931E-002   7.0853972433864931E-002   7.0853972433864931E-002   7.0853972433864931E-002
  0.58893070834993000       0.38349949030572861       0.38349949030572861       0.27433704126042929       0.27433704126042929       0.27433704126042929       0.16691296960795007        7.0853972433864931E-002   7.0853972433864931E-002   7.0853972433864931E-002   7.0853972433864931E-002   7.0853972433864931E-002
  0.45773699262908313       0.25984208050299057       0.25984208050299057       0.17401929879569716       0.17401929879569716       0.17401929879569716        9.9622566061608575E-002   4.0167550163398118E-002   4.0167550163398118E-002   4.0167550163398118E-002   4.0167550163398118E-002   4.0167550163398118E-002
  0.45773699262908313       0.25984208050299057       0.25984208050299057       0.17401929879569716       0.17401929879569716       0.17401929879569716        9.9622566061608575E-002   4.0167550163398118E-002   4.0167550163398118E-002   4.0167550163398118E-002   4.0167550163398118E-002   4.0167550163398118E-002
  0.45773699262908313       0.25984208050299057       0.25984208050299057       0.17401929879569716       0.17401929879569716       0.17401929879569716        9.9622566061608575E-002   4.0167550163398118E-002   4.0167550163398118E-002   4.0167550163398118E-002   4.0167550163398118E-002   4.0167550163398118E-002
  0.45773699262908313       0.25984208050299057       0.25984208050299057       0.17401929879569716       0.17401929879569716       0.17401929879569716        9.9622566061608575E-002   4.0167550163398118E-002   4.0167550163398118E-002   4.0167550163398118E-002   4.0167550163398118E-002   4.0167550163398118E-002
  0.26941039604969375       0.12915764298427698       0.12915764298427698        8.1034526585287245E-002   8.1034526585287245E-002   8.1034526585287245E-002   4.3982287383895015E-002   1.7027114785624492E-002   1.7027114785624492E-002   1.7027114785624492E-002   1.7027114785624492E-002   1.7027114785624492E-002
