  0.89999999999619362       0.89999999999619362       0.89999999998373048       0.89999999998373048       0.89999999993882052       0.89999999990853186       0.89999999979075596       0.89999999967356681       0.89999999947228515       0.89999999947228515       0.89999999909699480       0.89999999909699480       0.89999999909699480       0.89999999828053312       0.89999999828053312       0.89999999828053312       0.89999999569300559     
  0.89809012412243572       0.89809012412243572       0.89189398324809110       0.89189398324809110       0.87025668874433482       0.85624922045256002       0.80579956132757258       0.76117649732676251       0.69506954863020876       0.69506954863020876       0.59823330368330385       0.59823330368330385       0.59823330368330385       0.45906267846781451       0.45906267846781451       0.45906267846781451       0.26422736687375858     
  0.89711134076889365       0.89711134076889365       0.88778296383225963       0.88778296383225963       0.85571701889687279       0.83537068113075552       0.76465130548833826       0.70524718832253719       0.62222619991536865       0.62222619991536865       0.51026914274801527       0.51026914274801527       0.51026914274801527       0.36669551227909858       0.36669551227909858       0.36669551227909858       0.19382980726867949     
  0.89573214349646202       0.89573214349646202       0.88203908090028538       0.88203908090028538       0.83598429905839056       0.80755104548714862       0.71319768536783823       0.63892130623304522       0.54197968059057489       0.54197968059057489       0.42249973955234049       0.42249973955234049       0.42249973955234049       0.28552892789218004       0.28552892789218004       0.28552892789218004       0.14082270887229689     
  0.89373052452437263       0.89373052452437263       0.87380325459084696       0.87380325459084696       0.80881365765276347       0.77018623607544057       0.64952634900583439       0.56193360030567296       0.45625925690203950       0.45625925690203950       0.33784425386533234       0.33784425386533234       0.33784425386533234       0.21590856767300184       0.21590856767300184       0.21590856767300184       0.10070347681815897     
  0.89071683998914308       0.89071683998914308       0.86162202649493402       0.86162202649493402       0.77087843230355335       0.71976230170115374       0.57218285013352932       0.47523073302286056       0.36810750965227079       0.36810750965227079       0.25920672298719927       0.25920672298719927       0.25920672298719927       0.15769159591074819       0.15769159591074819       0.15769159591074819        7.0355346669880997E-002
  0.87810707205663829       0.87810707205663829       0.81333659335705322       0.81333659335705322       0.64253852213133034       0.56283726409339840       0.37965764416321168       0.28678840833181801       0.20194758006385607       0.20194758006385607       0.13017308757746707       0.13017308757746707       0.13017308757746707        7.3403616361066931E-002   7.3403616361066931E-002   7.3403616361066931E-002   3.0811904893149562E-002
  0.87810707205663829       0.87810707205663829       0.81333659335705322       0.81333659335705322       0.64253852213133034       0.56283726409339840       0.37965764416321168       0.28678840833181801       0.20194758006385607       0.20194758006385607       0.13017308757746707       0.13017308757746707       0.13017308757746707        7.3403616361066931E-002   7.3403616361066931E-002   7.3403616361066931E-002   3.0811904893149562E-002
  0.86433723549518227       0.86433723549518227       0.76508756110915921       0.76508756110915921       0.54115338289813153       0.45195206039340224       0.27538487547957974       0.19830164455287297       0.13392103063588406       0.13392103063588406        8.3434166712403515E-002   8.3434166712403515E-002   8.3434166712403515E-002   4.5834308653648931E-002   4.5834308653648931E-002   4.5834308653648931E-002   1.8874147915727252E-002
  0.83902035308883693       0.83902035308883693       0.68670088189951672       0.68670088189951672       0.41511562885985037       0.32771658763945066       0.18016814758111643       0.12442780797601172        8.1253838001203949E-002   8.1253838001203949E-002   4.9343110650989737E-002   4.9343110650989737E-002   4.9343110650989737E-002   2.6605913748944884E-002   2.6605913748944884E-002   2.6605913748944884E-002   1.0812892919585667E-002
  0.83902035308883693       0.83902035308883693       0.68670088189951672       0.68670088189951672       0.41511562885985037       0.32771658763945066       0.18016814758111643       0.12442780797601172        8.1253838001203949E-002   8.1253838001203949E-002   4.9343110650989737E-002   4.9343110650989737E-002   4.9343110650989737E-002   2.6605913748944884E-002   2.6605913748944884E-002   2.6605913748944884E-002   1.0812892919585667E-002
  0.83902035308883693       0.83902035308883693       0.68670088189951672       0.68670088189951672       0.41511562885985037       0.32771658763945066       0.18016814758111643       0.12442780797601172        8.1253838001203949E-002   8.1253838001203949E-002   4.9343110650989737E-002   4.9343110650989737E-002   4.9343110650989737E-002   2.6605913748944884E-002   2.6605913748944884E-002   2.6605913748944884E-002   1.0812892919585667E-002
  0.79121515994935288       0.79121515994935288       0.56689291022718158       0.56689291022718158       0.28040129322194485       0.20913217403892989       0.10516314262027385        7.0359654427715010E-002   4.4861095457608587E-002   4.4861095457608587E-002   2.6775441024271388E-002   2.6775441024271388E-002   2.6775441024271388E-002   1.4263014315983046E-002   1.4263014315983046E-002   1.4263014315983046E-002   5.7484016032661499E-003
  0.79121515994935288       0.79121515994935288       0.56689291022718158       0.56689291022718158       0.28040129322194485       0.20913217403892989       0.10516314262027385        7.0359654427715010E-002   4.4861095457608587E-002   4.4861095457608587E-002   2.6775441024271388E-002   2.6775441024271388E-002   2.6775441024271388E-002   1.4263014315983046E-002   1.4263014315983046E-002   1.4263014315983046E-002   5.7484016032661499E-003
  0.70234326620498744       0.70234326620498744       0.40858229041054633       0.40858229041054633       0.16295728360947132       0.11595244206210353        5.4643330030914906E-002   3.5806071167681038E-002   2.2490374937359139E-002   2.2490374937359139E-002   1.3283336269059080E-002   1.3283336269059080E-002   1.3283336269059080E-002   7.0251783714355915E-003   7.0251783714355915E-003   7.0251783714355915E-003   2.8176025620821089E-003
  0.70234326620498744       0.70234326620498744       0.40858229041054633       0.40858229041054633       0.16295728360947132       0.11595244206210353        5.4643330030914906E-002   3.5806071167681038E-002   2.2490374937359139E-002   2.2490374937359139E-002   1.3283336269059080E-002   1.3283336269059080E-002   1.3283336269059080E-002   7.0251783714355915E-003   7.0251783714355915E-003   7.0251783714355915E-003   2.8176025620821089E-003
