  0.89999999999999991       0.89999999984428780       0.89999999969366551       0.89999999918790707       0.89999999918790707       0.89999999918790707       0.89999999879174597       0.89999999879174597       0.89999999879174597       0.89999998773703405     
  0.89999999987302848       0.88859343171449934       0.87783625229945195       0.84352574020018500       0.84352574020018500       0.84352574020018500       0.81847514112878161       0.81847514112878161       0.81847514112878161       0.44752437056533007     
  0.89999999987302848       0.88859343171449934       0.87783625229945195       0.84352574020018500       0.84352574020018500       0.84352574020018500       0.81847514112878161       0.81847514112878161       0.81847514112878161       0.44752437056533007     
  0.89999999987302848       0.88859343171449934       0.87783625229945195       0.84352574020018500       0.84352574020018500       0.84352574020018500       0.81847514112878161       0.81847514112878161       0.81847514112878161       0.44752437056533007     
  0.89999999963472976       0.86795095379626597       0.83906153753970891       0.75466382306140434       0.75466382306140434       0.75466382306140434       0.69956246631063301       0.69956246631063301       0.69956246631063301       0.23027628141664072     
  0.89999999963472976       0.86795095379626597       0.83906153753970891       0.75466382306140434       0.75466382306140434       0.75466382306140434       0.69956246631063301       0.69956246631063301       0.69956246631063301       0.23027628141664072     
  0.89999999925842800       0.83723309064571072       0.78434387977646192       0.64701323146601675       0.64701323146601675       0.64701323146601675       0.56899938835622588       0.56899938835622588       0.56899938835622588       0.13034263674141061     
  0.89999999925842800       0.83723309064571072       0.78434387977646192       0.64701323146601675       0.64701323146601675       0.64701323146601675       0.56899938835622588       0.56899938835622588       0.56899938835622588       0.13034263674141061     
  0.89999999925842800       0.83723309064571072       0.78434387977646192       0.64701323146601675       0.64701323146601675       0.64701323146601675       0.56899938835622588       0.56899938835622588       0.56899938835622588       0.13034263674141061     
  0.89999999925842800       0.83723309064571072       0.78434387977646192       0.64701323146601675       0.64701323146601675       0.64701323146601675       0.56899938835622588       0.56899938835622588       0.56899938835622588       0.13034263674141061     
  0.89999999925842800       0.83723309064571072       0.78434387977646192       0.64701323146601675       0.64701323146601675       0.64701323146601675       0.56899938835622588       0.56899938835622588       0.56899938835622588       0.13034263674141061     
  0.89999999925842800       0.83723309064571072       0.78434387977646192       0.64701323146601675       0.64701323146601675       0.64701323146601675       0.56899938835622588       0.56899938835622588       0.56899938835622588       0.13034263674141061     
  0.89999999773104977       0.73206552312239770       0.62017703621257936       0.40975433206410528       0.40975433206410528       0.40975433206410528       0.32373978438015527       0.32373978438015527       0.32373978438015527        4.7198835843804660E-002
  0.89999999773104977       0.73206552312239770       0.62017703621257936       0.40975433206410528       0.40975433206410528       0.40975433206410528       0.32373978438015527       0.32373978438015527       0.32373978438015527        4.7198835843804660E-002
  0.89999999234388250       0.50730389251993280       0.35678451631869773       0.17866791322969205       0.17866791322969205       0.17866791322969205       0.12845226489287939       0.12845226489287939       0.12845226489287939        1.4523196445452517E-002
  0.89999998055272457       0.30344035899277083       0.18492422375729073        7.9973661835215565E-002   7.9973661835215565E-002   7.9973661835215565E-002   5.5367464330589880E-002   5.5367464330589880E-002   5.5367464330589880E-002   5.7748376391861551E-003
