  0.99134295604390998       0.98492810102228900       0.97562287273221415       0.96221414770239799       0.96221414770239799       0.94278347346149127       0.91417378119437132       0.91417378119437132       0.87121245741841802       0.87121245741841802       0.87121245741841802       0.70393901700441308       0.70393901700441308       0.54847613996545619       0.54847613996545619       0.31917445102951136       0.31917445102951136       0.31917445102951136       0.31917445102951136       0.31917445102951136       0.31917445102951136       0.31917445102951136     
  0.98811906491086388       0.97936503635362415       0.96674121050745665       0.94870395785966688       0.94870395785966688       0.92288272166176955       0.88553035786158940       0.88553035786158940       0.83088363431183321       0.83088363431183321       0.83088363431183321       0.63327841633027793       0.63327841633027793       0.46871505427336624       0.46871505427336624       0.25400076012136180       0.25400076012136180       0.25400076012136180       0.25400076012136180       0.25400076012136180       0.25400076012136180       0.25400076012136180     
  0.97784696749830302       0.96181679171334833       0.93912479095412826       0.90754270935740666       0.90754270935740666       0.86397268222377877       0.80414227448996156       0.80414227448996156       0.72280401242822145       0.72280401242822145       0.72280401242822145       0.47821825643445565       0.47821825643445565       0.31890840155616534       0.31890840155616534       0.15305003482882473       0.15305003482882473       0.15305003482882473       0.15305003482882473       0.15305003482882473       0.15305003482882473       0.15305003482882473     
  0.94427952879627353       0.90628741177432104       0.85555087945251018       0.79029253718576908       0.79029253718576908       0.70917513108245156       0.61184720898959244       0.61184720898959244       0.50027728773124724       0.50027728773124724       0.50027728773124724       0.26028528425298353       0.26028528425298353       0.15237456864497473       0.15237456864497473        6.4877240422915469E-002   6.4877240422915469E-002   6.4877240422915469E-002   6.4877240422915469E-002   6.4877240422915469E-002   6.4877240422915469E-002   6.4877240422915469E-002
  0.94427952879627353       0.90628741177432104       0.85555087945251018       0.79029253718576908       0.79029253718576908       0.70917513108245156       0.61184720898959244       0.61184720898959244       0.50027728773124724       0.50027728773124724       0.50027728773124724       0.26028528425298353       0.26028528425298353       0.15237456864497473       0.15237456864497473        6.4877240422915469E-002   6.4877240422915469E-002   6.4877240422915469E-002   6.4877240422915469E-002   6.4877240422915469E-002   6.4877240422915469E-002   6.4877240422915469E-002
  0.89737666157463192       0.83305839278589755       0.75346041454580237       0.66038835573248444       0.66038835573248444       0.55717801667597167       0.44853769592102355       0.44853769592102355       0.34061491630247082       0.34061491630247082       0.34061491630247082       0.15366366559491129       0.15366366559491129        8.4884298771726333E-002   8.4884298771726333E-002   3.4561394006433675E-002   3.4561394006433675E-002   3.4561394006433675E-002   3.4561394006433675E-002   3.4561394006433675E-002   3.4561394006433675E-002   3.4561394006433675E-002
  0.89737666157463192       0.83305839278589755       0.75346041454580237       0.66038835573248444       0.66038835573248444       0.55717801667597167       0.44853769592102355       0.44853769592102355       0.34061491630247082       0.34061491630247082       0.34061491630247082       0.15366366559491129       0.15366366559491129        8.4884298771726333E-002   8.4884298771726333E-002   3.4561394006433675E-002   3.4561394006433675E-002   3.4561394006433675E-002   3.4561394006433675E-002   3.4561394006433675E-002   3.4561394006433675E-002   3.4561394006433675E-002
  0.86040392469050486       0.77862961831855348       0.68295657232154683       0.57816960344299140       0.57816960344299140       0.47002487177427804       0.36439423194386111       0.36439423194386111       0.26691790229026352       0.26691790229026352       0.26691790229026352       0.11345636725258949       0.11345636725258949        6.1368702561614877E-002   6.1368702561614877E-002   2.4611869290700736E-002   2.4611869290700736E-002   2.4611869290700736E-002   2.4611869290700736E-002   2.4611869290700736E-002   2.4611869290700736E-002   2.4611869290700736E-002
  0.80933260069156276       0.70780117923369956       0.59734700304616539       0.48557761919807352       0.48557761919807352       0.37918382196535749       0.28306438980299325       0.28306438980299325       0.20048177101066089       0.20048177101066089       0.20048177101066089        8.0996686140268948E-002   8.0996686140268948E-002   4.3086957140116643E-002   4.3086957140116643E-002   1.7080729714435864E-002   1.7080729714435864E-002   1.7080729714435864E-002   1.7080729714435864E-002   1.7080729714435864E-002   1.7080729714435864E-002   1.7080729714435864E-002
  0.73793875565650846       0.61640855952378837       0.49600664514508730       0.38506548824074449       0.38506548824074449       0.28835009275953394       0.20755800995018819       0.20755800995018819       0.14262178791116423       0.14262178791116423       0.14262178791116423        5.5238188211084650E-002   5.5238188211084650E-002   2.9003987535175035E-002   2.9003987535175035E-002   1.1396659190165472E-002   1.1396659190165472E-002   1.1396659190165472E-002   1.1396659190165472E-002   1.1396659190165472E-002   1.1396659190165472E-002   1.1396659190165472E-002
  0.73793875565650846       0.61640855952378837       0.49600664514508730       0.38506548824074449       0.38506548824074449       0.28835009275953394       0.20755800995018819       0.20755800995018819       0.14262178791116423       0.14262178791116423       0.14262178791116423        5.5238188211084650E-002   5.5238188211084650E-002   2.9003987535175035E-002   2.9003987535175035E-002   1.1396659190165472E-002   1.1396659190165472E-002   1.1396659190165472E-002   1.1396659190165472E-002   1.1396659190165472E-002   1.1396659190165472E-002   1.1396659190165472E-002
  0.63706204377217768       0.50042112050447674       0.38021842426213065       0.28074890429681337       0.28074890429681337       0.20164281387430116       0.14035363384761596       0.14035363384761596        9.3950122831252370E-002   9.3950122831252370E-002   9.3950122831252370E-002   3.5164322070961720E-002   3.5164322070961720E-002   1.8279318218161238E-002   1.8279318218161238E-002   7.1347311218960437E-003   7.1347311218960437E-003   7.1347311218960437E-003   7.1347311218960437E-003   7.1347311218960437E-003   7.1347311218960437E-003   7.1347311218960437E-003
  0.28829000891749273       0.18775649923767915       0.12401353223986003        8.2633749849697333E-002   8.2633749849697333E-002   5.5075660709822089E-002   3.6309362540418479E-002   3.6309362540418479E-002   2.3369671712655520E-002   2.3369671712655520E-002   2.3369671712655520E-002   8.3404342330108180E-003   8.3404342330108180E-003   4.2784564576617539E-003   4.2784564576617539E-003   1.6555597191746302E-003   1.6555597191746302E-003   1.6555597191746302E-003   1.6555597191746302E-003   1.6555597191746302E-003   1.6555597191746302E-003   1.6555597191746302E-003
  0.28829000891749273       0.18775649923767915       0.12401353223986003        8.2633749849697333E-002   8.2633749849697333E-002   5.5075660709822089E-002   3.6309362540418479E-002   3.6309362540418479E-002   2.3369671712655520E-002   2.3369671712655520E-002   2.3369671712655520E-002   8.3404342330108180E-003   8.3404342330108180E-003   4.2784564576617539E-003   4.2784564576617539E-003   1.6555597191746302E-003   1.6555597191746302E-003   1.6555597191746302E-003   1.6555597191746302E-003   1.6555597191746302E-003   1.6555597191746302E-003   1.6555597191746302E-003
