  0.88964403373879963       0.88964403373879963       0.82449540066414961       0.71433415292208080       0.61404850738640493       0.42383655553016863       0.14391611081221831     
  0.87010274205607430       0.87010274205607430       0.70848517209326900       0.50927590065052886       0.37901129193717553       0.20851549596823843        5.4520052838981613E-002
  0.87010274205607430       0.87010274205607430       0.70848517209326900       0.50927590065052886       0.37901129193717553       0.20851549596823843        5.4520052838981613E-002
  0.87010274205607430       0.87010274205607430       0.70848517209326900       0.50927590065052886       0.37901129193717553       0.20851549596823843        5.4520052838981613E-002
  0.87010274205607430       0.87010274205607430       0.70848517209326900       0.50927590065052886       0.37901129193717553       0.20851549596823843        5.4520052838981613E-002
  0.87010274205607430       0.87010274205607430       0.70848517209326900       0.50927590065052886       0.37901129193717553       0.20851549596823843        5.4520052838981613E-002
  0.81795355638678857       0.81795355638678857       0.50304116830204260       0.27780459443980343       0.17954072325814138        8.4262792173702306E-002   1.9450747482795423E-002
  0.81795355638678857       0.81795355638678857       0.50304116830204260       0.27780459443980343       0.17954072325814138        8.4262792173702306E-002   1.9450747482795423E-002
  0.81795355638678857       0.81795355638678857       0.50304116830204260       0.27780459443980343       0.17954072325814138        8.4262792173702306E-002   1.9450747482795423E-002
  0.81795355638678857       0.81795355638678857       0.50304116830204260       0.27780459443980343       0.17954072325814138        8.4262792173702306E-002   1.9450747482795423E-002
  0.81795355638678857       0.81795355638678857       0.50304116830204260       0.27780459443980343       0.17954072325814138        8.4262792173702306E-002   1.9450747482795423E-002
  0.81795355638678857       0.81795355638678857       0.50304116830204260       0.27780459443980343       0.17954072325814138        8.4262792173702306E-002   1.9450747482795423E-002
  0.81795355638678857       0.81795355638678857       0.50304116830204260       0.27780459443980343       0.17954072325814138        8.4262792173702306E-002   1.9450747482795423E-002
  0.81795355638678857       0.81795355638678857       0.50304116830204260       0.27780459443980343       0.17954072325814138        8.4262792173702306E-002   1.9450747482795423E-002
  0.81795355638678857       0.81795355638678857       0.50304116830204260       0.27780459443980343       0.17954072325814138        8.4262792173702306E-002   1.9450747482795423E-002
  0.81795355638678857       0.81795355638678857       0.50304116830204260       0.27780459443980343       0.17954072325814138        8.4262792173702306E-002   1.9450747482795423E-002
  0.81795355638678857       0.81795355638678857       0.50304116830204260       0.27780459443980343       0.17954072325814138        8.4262792173702306E-002   1.9450747482795423E-002
  0.81795355638678857       0.81795355638678857       0.50304116830204260       0.27780459443980343       0.17954072325814138        8.4262792173702306E-002   1.9450747482795423E-002
  0.81795355638678857       0.81795355638678857       0.50304116830204260       0.27780459443980343       0.17954072325814138        8.4262792173702306E-002   1.9450747482795423E-002
  0.81795355638678857       0.81795355638678857       0.50304116830204260       0.27780459443980343       0.17954072325814138        8.4262792173702306E-002   1.9450747482795423E-002
  0.81795355638678857       0.81795355638678857       0.50304116830204260       0.27780459443980343       0.17954072325814138        8.4262792173702306E-002   1.9450747482795423E-002
  0.81795355638678857       0.81795355638678857       0.50304116830204260       0.27780459443980343       0.17954072325814138        8.4262792173702306E-002   1.9450747482795423E-002
  0.81795355638678857       0.81795355638678857       0.50304116830204260       0.27780459443980343       0.17954072325814138        8.4262792173702306E-002   1.9450747482795423E-002
  0.67478053461747567       0.67478053461747567       0.24822416514069079       0.10647788236725490        6.2707364608329277E-002   2.7098094636645909E-002   5.9352547127195622E-003
  0.67478053461747567       0.67478053461747567       0.24822416514069079       0.10647788236725490        6.2707364608329277E-002   2.7098094636645909E-002   5.9352547127195622E-003
  0.67478053461747567       0.67478053461747567       0.24822416514069079       0.10647788236725490        6.2707364608329277E-002   2.7098094636645909E-002   5.9352547127195622E-003
  0.67478053461747567       0.67478053461747567       0.24822416514069079       0.10647788236725490        6.2707364608329277E-002   2.7098094636645909E-002   5.9352547127195622E-003
  0.67478053461747567       0.67478053461747567       0.24822416514069079       0.10647788236725490        6.2707364608329277E-002   2.7098094636645909E-002   5.9352547127195622E-003
  0.67478053461747567       0.67478053461747567       0.24822416514069079       0.10647788236725490        6.2707364608329277E-002   2.7098094636645909E-002   5.9352547127195622E-003
  0.67478053461747567       0.67478053461747567       0.24822416514069079       0.10647788236725490        6.2707364608329277E-002   2.7098094636645909E-002   5.9352547127195622E-003
  0.67478053461747567       0.67478053461747567       0.24822416514069079       0.10647788236725490        6.2707364608329277E-002   2.7098094636645909E-002   5.9352547127195622E-003
  0.67478053461747567       0.67478053461747567       0.24822416514069079       0.10647788236725490        6.2707364608329277E-002   2.7098094636645909E-002   5.9352547127195622E-003
  0.67478053461747567       0.67478053461747567       0.24822416514069079       0.10647788236725490        6.2707364608329277E-002   2.7098094636645909E-002   5.9352547127195622E-003
  0.67478053461747567       0.67478053461747567       0.24822416514069079       0.10647788236725490        6.2707364608329277E-002   2.7098094636645909E-002   5.9352547127195622E-003
  0.67478053461747567       0.67478053461747567       0.24822416514069079       0.10647788236725490        6.2707364608329277E-002   2.7098094636645909E-002   5.9352547127195622E-003
  0.67478053461747567       0.67478053461747567       0.24822416514069079       0.10647788236725490        6.2707364608329277E-002   2.7098094636645909E-002   5.9352547127195622E-003
  0.67478053461747567       0.67478053461747567       0.24822416514069079       0.10647788236725490        6.2707364608329277E-002   2.7098094636645909E-002   5.9352547127195622E-003
  0.67478053461747567       0.67478053461747567       0.24822416514069079       0.10647788236725490        6.2707364608329277E-002   2.7098094636645909E-002   5.9352547127195622E-003
  0.67478053461747567       0.67478053461747567       0.24822416514069079       0.10647788236725490        6.2707364608329277E-002   2.7098094636645909E-002   5.9352547127195622E-003
  0.67478053461747567       0.67478053461747567       0.24822416514069079       0.10647788236725490        6.2707364608329277E-002   2.7098094636645909E-002   5.9352547127195622E-003
  0.67478053461747567       0.67478053461747567       0.24822416514069079       0.10647788236725490        6.2707364608329277E-002   2.7098094636645909E-002   5.9352547127195622E-003
  0.38415370261831833       0.38415370261831833        7.7828114287332911E-002   2.9048416858935933E-002   1.6447567890664667E-002   6.8913718593796615E-003   1.4826032893359108E-003
  0.38415370261831833       0.38415370261831833        7.7828114287332911E-002   2.9048416858935933E-002   1.6447567890664667E-002   6.8913718593796615E-003   1.4826032893359108E-003
  0.38415370261831833       0.38415370261831833        7.7828114287332911E-002   2.9048416858935933E-002   1.6447567890664667E-002   6.8913718593796615E-003   1.4826032893359108E-003
  0.38415370261831833       0.38415370261831833        7.7828114287332911E-002   2.9048416858935933E-002   1.6447567890664667E-002   6.8913718593796615E-003   1.4826032893359108E-003
  0.38415370261831833       0.38415370261831833        7.7828114287332911E-002   2.9048416858935933E-002   1.6447567890664667E-002   6.8913718593796615E-003   1.4826032893359108E-003
  0.38415370261831833       0.38415370261831833        7.7828114287332911E-002   2.9048416858935933E-002   1.6447567890664667E-002   6.8913718593796615E-003   1.4826032893359108E-003
  0.38415370261831833       0.38415370261831833        7.7828114287332911E-002   2.9048416858935933E-002   1.6447567890664667E-002   6.8913718593796615E-003   1.4826032893359108E-003
  0.38415370261831833       0.38415370261831833        7.7828114287332911E-002   2.9048416858935933E-002   1.6447567890664667E-002   6.8913718593796615E-003   1.4826032893359108E-003
  0.38415370261831833       0.38415370261831833        7.7828114287332911E-002   2.9048416858935933E-002   1.6447567890664667E-002   6.8913718593796615E-003   1.4826032893359108E-003
  0.38415370261831833       0.38415370261831833        7.7828114287332911E-002   2.9048416858935933E-002   1.6447567890664667E-002   6.8913718593796615E-003   1.4826032893359108E-003
  0.38415370261831833       0.38415370261831833        7.7828114287332911E-002   2.9048416858935933E-002   1.6447567890664667E-002   6.8913718593796615E-003   1.4826032893359108E-003
  0.38415370261831833       0.38415370261831833        7.7828114287332911E-002   2.9048416858935933E-002   1.6447567890664667E-002   6.8913718593796615E-003   1.4826032893359108E-003
  0.38415370261831833       0.38415370261831833        7.7828114287332911E-002   2.9048416858935933E-002   1.6447567890664667E-002   6.8913718593796615E-003   1.4826032893359108E-003
  0.38415370261831833       0.38415370261831833        7.7828114287332911E-002   2.9048416858935933E-002   1.6447567890664667E-002   6.8913718593796615E-003   1.4826032893359108E-003
  0.38415370261831833       0.38415370261831833        7.7828114287332911E-002   2.9048416858935933E-002   1.6447567890664667E-002   6.8913718593796615E-003   1.4826032893359108E-003
  0.38415370261831833       0.38415370261831833        7.7828114287332911E-002   2.9048416858935933E-002   1.6447567890664667E-002   6.8913718593796615E-003   1.4826032893359108E-003
  0.38415370261831833       0.38415370261831833        7.7828114287332911E-002   2.9048416858935933E-002   1.6447567890664667E-002   6.8913718593796615E-003   1.4826032893359108E-003
  0.38415370261831833       0.38415370261831833        7.7828114287332911E-002   2.9048416858935933E-002   1.6447567890664667E-002   6.8913718593796615E-003   1.4826032893359108E-003
  0.38415370261831833       0.38415370261831833        7.7828114287332911E-002   2.9048416858935933E-002   1.6447567890664667E-002   6.8913718593796615E-003   1.4826032893359108E-003
  0.38415370261831833       0.38415370261831833        7.7828114287332911E-002   2.9048416858935933E-002   1.6447567890664667E-002   6.8913718593796615E-003   1.4826032893359108E-003
  0.38415370261831833       0.38415370261831833        7.7828114287332911E-002   2.9048416858935933E-002   1.6447567890664667E-002   6.8913718593796615E-003   1.4826032893359108E-003
  0.38415370261831833       0.38415370261831833        7.7828114287332911E-002   2.9048416858935933E-002   1.6447567890664667E-002   6.8913718593796615E-003   1.4826032893359108E-003
  0.38415370261831833       0.38415370261831833        7.7828114287332911E-002   2.9048416858935933E-002   1.6447567890664667E-002   6.8913718593796615E-003   1.4826032893359108E-003
  0.38415370261831833       0.38415370261831833        7.7828114287332911E-002   2.9048416858935933E-002   1.6447567890664667E-002   6.8913718593796615E-003   1.4826032893359108E-003
  0.38415370261831833       0.38415370261831833        7.7828114287332911E-002   2.9048416858935933E-002   1.6447567890664667E-002   6.8913718593796615E-003   1.4826032893359108E-003
  0.38415370261831833       0.38415370261831833        7.7828114287332911E-002   2.9048416858935933E-002   1.6447567890664667E-002   6.8913718593796615E-003   1.4826032893359108E-003
  0.38415370261831833       0.38415370261831833        7.7828114287332911E-002   2.9048416858935933E-002   1.6447567890664667E-002   6.8913718593796615E-003   1.4826032893359108E-003
  0.38415370261831833       0.38415370261831833        7.7828114287332911E-002   2.9048416858935933E-002   1.6447567890664667E-002   6.8913718593796615E-003   1.4826032893359108E-003
  0.38415370261831833       0.38415370261831833        7.7828114287332911E-002   2.9048416858935933E-002   1.6447567890664667E-002   6.8913718593796615E-003   1.4826032893359108E-003
  0.38415370261831833       0.38415370261831833        7.7828114287332911E-002   2.9048416858935933E-002   1.6447567890664667E-002   6.8913718593796615E-003   1.4826032893359108E-003
  0.38415370261831833       0.38415370261831833        7.7828114287332911E-002   2.9048416858935933E-002   1.6447567890664667E-002   6.8913718593796615E-003   1.4826032893359108E-003
