  0.99817992087964147       0.99817992087964147       0.99659866191000901       0.99659866191000901       0.99418565229517486       0.99418565229517486       0.99418565229517486       0.99418565229517486       0.99032482405783939       0.98373400786128062       0.97141543172614697       0.97141543172614697       0.97141543172614697       0.97141543172614697       0.94490657668254485       0.94490657668254485       0.87414793828029813       0.87414793828029813       0.63397546200250976       0.63397546200250976       0.63397546200250976       0.63397546200250976     
  0.98673499143891918       0.98673499143891918       0.97545504102033098       0.97545504102033098       0.95866427240588148       0.95866427240588148       0.95866427240588148       0.95866427240588148       0.93281067569232334       0.89133952892601154       0.82172896927897066       0.82172896927897066       0.82172896927897066       0.82172896927897066       0.69936462336646199       0.69936462336646199       0.48509464614078335       0.48509464614078335       0.19023687606125669       0.19023687606125669       0.19023687606125669       0.19023687606125669     
  0.94810902571580391       0.94810902571580391       0.90707651220615815       0.90707651220615815       0.85067011007153881       0.85067011007153881       0.85067011007153881       0.85067011007153881       0.77324761072826809       0.66830972973760905       0.53099978009235638       0.53099978009235638       0.53099978009235638       0.53099978009235638       0.36362310687515187       0.36362310687515187       0.18791942448678234       0.18791942448678234        5.4556413264214586E-002   5.4556413264214586E-002   5.4556413264214586E-002   5.4556413264214586E-002
  0.93031815668251305       0.93031815668251305       0.87704204682401354       0.87704204682401354       0.80629739531767264       0.80629739531767264       0.80629739531767264       0.80629739531767264       0.71361424720966893       0.59551508133534470       0.45274656482023656       0.45274656482023656       0.45274656482023656       0.45274656482023656       0.29454504712469054       0.29454504712469054       0.14463385921203861       0.14463385921203861        4.0459353511044571E-002   4.0459353511044571E-002   4.0459353511044571E-002   4.0459353511044571E-002
  0.90754484137877089       0.90754484137877089       0.83985436795442270       0.83985436795442270       0.75372170978784303       0.75372170978784303       0.75372170978784303       0.75372170978784303       0.64689882293136125       0.51980080991326461       0.37821134718967137       0.37821134718967137       0.37821134718967137       0.37821134718967137       0.23487630122901984       0.23487630122901984       0.11057395830072148       0.11057395830072148        3.0069168133664347E-002   3.0069168133664347E-002   3.0069168133664347E-002   3.0069168133664347E-002
  0.79596970814453050       0.79596970814453050       0.67577408990289423       0.67577408990289423       0.54880274606283619       0.54880274606283619       0.54880274606283619       0.54880274606283619       0.42133602191219371       0.30080196297564438       0.19468138860252690       0.19468138860252690       0.19468138860252690       0.19468138860252690       0.10873722523239357       0.10873722523239357        4.7082885003174556E-002   4.7082885003174556E-002   1.2171030587161315E-002   1.2171030587161315E-002   1.2171030587161315E-002   1.2171030587161315E-002
  0.79596970814453050       0.79596970814453050       0.67577408990289423       0.67577408990289423       0.54880274606283619       0.54880274606283619       0.54880274606283619       0.54880274606283619       0.42133602191219371       0.30080196297564438       0.19468138860252690       0.19468138860252690       0.19468138860252690       0.19468138860252690       0.10873722523239357       0.10873722523239357        4.7082885003174556E-002   4.7082885003174556E-002   1.2171030587161315E-002   1.2171030587161315E-002   1.2171030587161315E-002   1.2171030587161315E-002
  0.73865010124785080       0.73865010124785080       0.60158888606017946       0.60158888606017946       0.46841860891988885       0.46841860891988885       0.46841860891988885       0.46841860891988885       0.34533250844405783       0.23761312222131792       0.14903344246517033       0.14903344246517033       0.14903344246517033       0.14903344246517033        8.1208928638651839E-002   8.1208928638651839E-002   3.4558006547626703E-002   3.4558006547626703E-002   8.8470968719403381E-003   8.8470968719403381E-003   8.8470968719403381E-003   8.8470968719403381E-003
  0.73865010124785080       0.73865010124785080       0.60158888606017946       0.60158888606017946       0.46841860891988885       0.46841860891988885       0.46841860891988885       0.46841860891988885       0.34533250844405783       0.23761312222131792       0.14903344246517033       0.14903344246517033       0.14903344246517033       0.14903344246517033        8.1208928638651839E-002   8.1208928638651839E-002   3.4558006547626703E-002   3.4558006547626703E-002   8.8470968719403381E-003   8.8470968719403381E-003   8.8470968719403381E-003   8.8470968719403381E-003
  0.57999684576313726       0.57999684576313726       0.42455211548821803       0.42455211548821803       0.30096691117715635       0.30096691117715635       0.30096691117715635       0.30096691117715635       0.20491993171982881       0.13215769949906847        7.8826010822303186E-002   7.8826010822303186E-002   7.8826010822303186E-002   7.8826010822303186E-002   4.1398240360192594E-002   4.1398240360192594E-002   1.7188942647987506E-002   1.7188942647987506E-002   4.3423696645750742E-003   4.3423696645750742E-003   4.3423696645750742E-003   4.3423696645750742E-003
  0.57999684576313726       0.57999684576313726       0.42455211548821803       0.42455211548821803       0.30096691117715635       0.30096691117715635       0.30096691117715635       0.30096691117715635       0.20491993171982881       0.13215769949906847        7.8826010822303186E-002   7.8826010822303186E-002   7.8826010822303186E-002   7.8826010822303186E-002   4.1398240360192594E-002   4.1398240360192594E-002   1.7188942647987506E-002   1.7188942647987506E-002   4.3423696645750742E-003   4.3423696645750742E-003   4.3423696645750742E-003   4.3423696645750742E-003
