  0.54723340026700018       0.49071341507894534       0.49071341507894534       0.35902094176980903       0.35902094176980903       0.28248983590039434       0.28248983590039434       0.28248983590039434       0.28248983590039434       0.10387815556969487       0.10387815556969487       0.10387815556969487       0.10387815556969487       0.10387815556969487       0.10387815556969487     
  0.54723340026700018       0.49071341507894534       0.49071341507894534       0.35902094176980903       0.35902094176980903       0.28248983590039434       0.28248983590039434       0.28248983590039434       0.28248983590039434       0.10387815556969487       0.10387815556969487       0.10387815556969487       0.10387815556969487       0.10387815556969487       0.10387815556969487     
  0.44230510972306203       0.38735090037541176       0.38735090037541176       0.26875924117456790       0.26875924117456790       0.20530605171006253       0.20530605171006253       0.20530605171006253       0.20530605171006253        7.0688014052281020E-002   7.0688014052281020E-002   7.0688014052281020E-002   7.0688014052281020E-002   7.0688014052281020E-002   7.0688014052281020E-002
  0.44230510972306203       0.38735090037541176       0.38735090037541176       0.26875924117456790       0.26875924117456790       0.20530605171006253       0.20530605171006253       0.20530605171006253       0.20530605171006253        7.0688014052281020E-002   7.0688014052281020E-002   7.0688014052281020E-002   7.0688014052281020E-002   7.0688014052281020E-002   7.0688014052281020E-002
  0.44230510972306203       0.38735090037541176       0.38735090037541176       0.26875924117456790       0.26875924117456790       0.20530605171006253       0.20530605171006253       0.20530605171006253       0.20530605171006253        7.0688014052281020E-002   7.0688014052281020E-002   7.0688014052281020E-002   7.0688014052281020E-002   7.0688014052281020E-002   7.0688014052281020E-002
  0.31804717064458704       0.27102862116607318       0.27102862116607318       0.17771944254451891       0.17771944254451891       0.13188384213120991       0.13188384213120991       0.13188384213120991       0.13188384213120991        4.2814630278547837E-002   4.2814630278547837E-002   4.2814630278547837E-002   4.2814630278547837E-002   4.2814630278547837E-002   4.2814630278547837E-002
  0.31804717064458704       0.27102862116607318       0.27102862116607318       0.17771944254451891       0.17771944254451891       0.13188384213120991       0.13188384213120991       0.13188384213120991       0.13188384213120991        4.2814630278547837E-002   4.2814630278547837E-002   4.2814630278547837E-002   4.2814630278547837E-002   4.2814630278547837E-002   4.2814630278547837E-002
  0.31804717064458704       0.27102862116607318       0.27102862116607318       0.17771944254451891       0.17771944254451891       0.13188384213120991       0.13188384213120991       0.13188384213120991       0.13188384213120991        4.2814630278547837E-002   4.2814630278547837E-002   4.2814630278547837E-002   4.2814630278547837E-002   4.2814630278547837E-002   4.2814630278547837E-002
  0.31804717064458704       0.27102862116607318       0.27102862116607318       0.17771944254451891       0.17771944254451891       0.13188384213120991       0.13188384213120991       0.13188384213120991       0.13188384213120991        4.2814630278547837E-002   4.2814630278547837E-002   4.2814630278547837E-002   4.2814630278547837E-002   4.2814630278547837E-002   4.2814630278547837E-002
  0.31804717064458704       0.27102862116607318       0.27102862116607318       0.17771944254451891       0.17771944254451891       0.13188384213120991       0.13188384213120991       0.13188384213120991       0.13188384213120991        4.2814630278547837E-002   4.2814630278547837E-002   4.2814630278547837E-002   4.2814630278547837E-002   4.2814630278547837E-002   4.2814630278547837E-002
  0.31804717064458704       0.27102862116607318       0.27102862116607318       0.17771944254451891       0.17771944254451891       0.13188384213120991       0.13188384213120991       0.13188384213120991       0.13188384213120991        4.2814630278547837E-002   4.2814630278547837E-002   4.2814630278547837E-002   4.2814630278547837E-002   4.2814630278547837E-002   4.2814630278547837E-002
  0.31804717064458704       0.27102862116607318       0.27102862116607318       0.17771944254451891       0.17771944254451891       0.13188384213120991       0.13188384213120991       0.13188384213120991       0.13188384213120991        4.2814630278547837E-002   4.2814630278547837E-002   4.2814630278547837E-002   4.2814630278547837E-002   4.2814630278547837E-002   4.2814630278547837E-002
  0.31804717064458704       0.27102862116607318       0.27102862116607318       0.17771944254451891       0.17771944254451891       0.13188384213120991       0.13188384213120991       0.13188384213120991       0.13188384213120991        4.2814630278547837E-002   4.2814630278547837E-002   4.2814630278547837E-002   4.2814630278547837E-002   4.2814630278547837E-002   4.2814630278547837E-002
  0.31804717064458704       0.27102862116607318       0.27102862116607318       0.17771944254451891       0.17771944254451891       0.13188384213120991       0.13188384213120991       0.13188384213120991       0.13188384213120991        4.2814630278547837E-002   4.2814630278547837E-002   4.2814630278547837E-002   4.2814630278547837E-002   4.2814630278547837E-002   4.2814630278547837E-002
  0.17159758989574095       0.14172984680333001       0.14172984680333001        8.7586883697836640E-002   8.7586883697836640E-002   6.3210387313215863E-002   6.3210387313215863E-002   6.3210387313215863E-002   6.3210387313215863E-002   1.9479836260956743E-002   1.9479836260956743E-002   1.9479836260956743E-002   1.9479836260956743E-002   1.9479836260956743E-002   1.9479836260956743E-002
  0.17159758989574095       0.14172984680333001       0.14172984680333001        8.7586883697836640E-002   8.7586883697836640E-002   6.3210387313215863E-002   6.3210387313215863E-002   6.3210387313215863E-002   6.3210387313215863E-002   1.9479836260956743E-002   1.9479836260956743E-002   1.9479836260956743E-002   1.9479836260956743E-002   1.9479836260956743E-002   1.9479836260956743E-002
  0.17159758989574095       0.14172984680333001       0.14172984680333001        8.7586883697836640E-002   8.7586883697836640E-002   6.3210387313215863E-002   6.3210387313215863E-002   6.3210387313215863E-002   6.3210387313215863E-002   1.9479836260956743E-002   1.9479836260956743E-002   1.9479836260956743E-002   1.9479836260956743E-002   1.9479836260956743E-002   1.9479836260956743E-002
  0.17159758989574095       0.14172984680333001       0.14172984680333001        8.7586883697836640E-002   8.7586883697836640E-002   6.3210387313215863E-002   6.3210387313215863E-002   6.3210387313215863E-002   6.3210387313215863E-002   1.9479836260956743E-002   1.9479836260956743E-002   1.9479836260956743E-002   1.9479836260956743E-002   1.9479836260956743E-002   1.9479836260956743E-002
  0.17159758989574095       0.14172984680333001       0.14172984680333001        8.7586883697836640E-002   8.7586883697836640E-002   6.3210387313215863E-002   6.3210387313215863E-002   6.3210387313215863E-002   6.3210387313215863E-002   1.9479836260956743E-002   1.9479836260956743E-002   1.9479836260956743E-002   1.9479836260956743E-002   1.9479836260956743E-002   1.9479836260956743E-002
  0.17159758989574095       0.14172984680333001       0.14172984680333001        8.7586883697836640E-002   8.7586883697836640E-002   6.3210387313215863E-002   6.3210387313215863E-002   6.3210387313215863E-002   6.3210387313215863E-002   1.9479836260956743E-002   1.9479836260956743E-002   1.9479836260956743E-002   1.9479836260956743E-002   1.9479836260956743E-002   1.9479836260956743E-002
  0.17159758989574095       0.14172984680333001       0.14172984680333001        8.7586883697836640E-002   8.7586883697836640E-002   6.3210387313215863E-002   6.3210387313215863E-002   6.3210387313215863E-002   6.3210387313215863E-002   1.9479836260956743E-002   1.9479836260956743E-002   1.9479836260956743E-002   1.9479836260956743E-002   1.9479836260956743E-002   1.9479836260956743E-002
  0.17159758989574095       0.14172984680333001       0.14172984680333001        8.7586883697836640E-002   8.7586883697836640E-002   6.3210387313215863E-002   6.3210387313215863E-002   6.3210387313215863E-002   6.3210387313215863E-002   1.9479836260956743E-002   1.9479836260956743E-002   1.9479836260956743E-002   1.9479836260956743E-002   1.9479836260956743E-002   1.9479836260956743E-002
  0.17159758989574095       0.14172984680333001       0.14172984680333001        8.7586883697836640E-002   8.7586883697836640E-002   6.3210387313215863E-002   6.3210387313215863E-002   6.3210387313215863E-002   6.3210387313215863E-002   1.9479836260956743E-002   1.9479836260956743E-002   1.9479836260956743E-002   1.9479836260956743E-002   1.9479836260956743E-002   1.9479836260956743E-002
  0.17159758989574095       0.14172984680333001       0.14172984680333001        8.7586883697836640E-002   8.7586883697836640E-002   6.3210387313215863E-002   6.3210387313215863E-002   6.3210387313215863E-002   6.3210387313215863E-002   1.9479836260956743E-002   1.9479836260956743E-002   1.9479836260956743E-002   1.9479836260956743E-002   1.9479836260956743E-002   1.9479836260956743E-002
