  0.99843314396246141       0.97061816284862867       0.92099203419878717       0.92099203419878717       0.86834800403176704       0.61388685856368441       0.35335909619252415       0.35335909619252415     
  0.99843314396246141       0.97061816284862867       0.92099203419878717       0.92099203419878717       0.86834800403176704       0.61388685856368441       0.35335909619252415       0.35335909619252415     
  0.99020333733750965       0.83974189361055851       0.64900196546458888       0.64900196546458888       0.51129382020257130       0.20139997835257040        7.9764301347484926E-002   7.9764301347484926E-002
  0.99020333733750965       0.83974189361055851       0.64900196546458888       0.64900196546458888       0.51129382020257130       0.20139997835257040        7.9764301347484926E-002   7.9764301347484926E-002
  0.97678015687537723       0.68561433231261515       0.43488221413542655       0.43488221413542655       0.30334255589388842        9.4989390860906936E-002   3.4818482047216201E-002   3.4818482047216201E-002
  0.97678015687537723       0.68561433231261515       0.43488221413542655       0.43488221413542655       0.30334255589388842        9.4989390860906936E-002   3.4818482047216201E-002   3.4818482047216201E-002
  0.97678015687537723       0.68561433231261515       0.43488221413542655       0.43488221413542655       0.30334255589388842        9.4989390860906936E-002   3.4818482047216201E-002   3.4818482047216201E-002
  0.93739903618416887       0.43702835501713255       0.21502713552639593       0.21502713552639593       0.13419601449225804        3.6016140940157856E-002   1.2678427631878098E-002   1.2678427631878098E-002
  0.73642685340455583       0.12652046453188215        4.8626670115183665E-002   4.8626670115183665E-002   2.8107561046231345E-002   6.9230145698778497E-003   2.3902997895100110E-003   2.3902997895100110E-003
  0.73642685340455583       0.12652046453188215        4.8626670115183665E-002   4.8626670115183665E-002   2.8107561046231345E-002   6.9230145698778497E-003   2.3902997895100110E-003   2.3902997895100110E-003
  0.73642685340455583       0.12652046453188215        4.8626670115183665E-002   4.8626670115183665E-002   2.8107561046231345E-002   6.9230145698778497E-003   2.3902997895100110E-003   2.3902997895100110E-003
  0.73642685340455583       0.12652046453188215        4.8626670115183665E-002   4.8626670115183665E-002   2.8107561046231345E-002   6.9230145698778497E-003   2.3902997895100110E-003   2.3902997895100110E-003
  0.73642685340455583       0.12652046453188215        4.8626670115183665E-002   4.8626670115183665E-002   2.8107561046231345E-002   6.9230145698778497E-003   2.3902997895100110E-003   2.3902997895100110E-003
  0.73642685340455583       0.12652046453188215        4.8626670115183665E-002   4.8626670115183665E-002   2.8107561046231345E-002   6.9230145698778497E-003   2.3902997895100110E-003   2.3902997895100110E-003
  0.73642685340455583       0.12652046453188215        4.8626670115183665E-002   4.8626670115183665E-002   2.8107561046231345E-002   6.9230145698778497E-003   2.3902997895100110E-003   2.3902997895100110E-003
