  0.79554435237410126       0.70566740724443211       0.43786800807538195       0.43786800807538195       0.43786800807538195       0.24502317506333335       0.24502317506333335       0.24502317506333335       0.24502317506333335       0.24502317506333335       0.24502317506333335       0.24502317506333335       0.24502317506333335       0.24502317506333335       0.24502317506333335       0.24502317506333335       0.24502317506333335       0.24502317506333335     
  0.67201198154222497       0.55800200222182961       0.29086315828252907       0.29086315828252907       0.29086315828252907       0.14595186316823655       0.14595186316823655       0.14595186316823655       0.14595186316823655       0.14595186316823655       0.14595186316823655       0.14595186316823655       0.14595186316823655       0.14595186316823655       0.14595186316823655       0.14595186316823655       0.14595186316823655       0.14595186316823655     
  0.67201198154222497       0.55800200222182961       0.29086315828252907       0.29086315828252907       0.29086315828252907       0.14595186316823655       0.14595186316823655       0.14595186316823655       0.14595186316823655       0.14595186316823655       0.14595186316823655       0.14595186316823655       0.14595186316823655       0.14595186316823655       0.14595186316823655       0.14595186316823655       0.14595186316823655       0.14595186316823655     
  0.67201198154222497       0.55800200222182961       0.29086315828252907       0.29086315828252907       0.29086315828252907       0.14595186316823655       0.14595186316823655       0.14595186316823655       0.14595186316823655       0.14595186316823655       0.14595186316823655       0.14595186316823655       0.14595186316823655       0.14595186316823655       0.14595186316823655       0.14595186316823655       0.14595186316823655       0.14595186316823655     
  0.57643614762895268       0.45609298381012908       0.21410874487620404       0.21410874487620404       0.21410874487620404       0.10194027280004805       0.10194027280004805       0.10194027280004805       0.10194027280004805       0.10194027280004805       0.10194027280004805       0.10194027280004805       0.10194027280004805       0.10194027280004805       0.10194027280004805       0.10194027280004805       0.10194027280004805       0.10194027280004805     
  0.57643614762895268       0.45609298381012908       0.21410874487620404       0.21410874487620404       0.21410874487620404       0.10194027280004805       0.10194027280004805       0.10194027280004805       0.10194027280004805       0.10194027280004805       0.10194027280004805       0.10194027280004805       0.10194027280004805       0.10194027280004805       0.10194027280004805       0.10194027280004805       0.10194027280004805       0.10194027280004805     
  0.25885838757222024       0.17709528658321513        6.5350573989715485E-002   6.5350573989715485E-002   6.5350573989715485E-002   2.8307286118805244E-002   2.8307286118805244E-002   2.8307286118805244E-002   2.8307286118805244E-002   2.8307286118805244E-002   2.8307286118805244E-002   2.8307286118805244E-002   2.8307286118805244E-002   2.8307286118805244E-002   2.8307286118805244E-002   2.8307286118805244E-002   2.8307286118805244E-002   2.8307286118805244E-002
  0.25885838757222024       0.17709528658321513        6.5350573989715485E-002   6.5350573989715485E-002   6.5350573989715485E-002   2.8307286118805244E-002   2.8307286118805244E-002   2.8307286118805244E-002   2.8307286118805244E-002   2.8307286118805244E-002   2.8307286118805244E-002   2.8307286118805244E-002   2.8307286118805244E-002   2.8307286118805244E-002   2.8307286118805244E-002   2.8307286118805244E-002   2.8307286118805244E-002   2.8307286118805244E-002
  0.25885838757222024       0.17709528658321513        6.5350573989715485E-002   6.5350573989715485E-002   6.5350573989715485E-002   2.8307286118805244E-002   2.8307286118805244E-002   2.8307286118805244E-002   2.8307286118805244E-002   2.8307286118805244E-002   2.8307286118805244E-002   2.8307286118805244E-002   2.8307286118805244E-002   2.8307286118805244E-002   2.8307286118805244E-002   2.8307286118805244E-002   2.8307286118805244E-002   2.8307286118805244E-002
  0.25885838757222024       0.17709528658321513        6.5350573989715485E-002   6.5350573989715485E-002   6.5350573989715485E-002   2.8307286118805244E-002   2.8307286118805244E-002   2.8307286118805244E-002   2.8307286118805244E-002   2.8307286118805244E-002   2.8307286118805244E-002   2.8307286118805244E-002   2.8307286118805244E-002   2.8307286118805244E-002   2.8307286118805244E-002   2.8307286118805244E-002   2.8307286118805244E-002   2.8307286118805244E-002
