  0.99368874376446059       0.72970972019343971       0.72970972019343971       0.31836985751144486       0.31836985751144486       0.31836985751144486       0.31836985751144486       0.31836985751144486       0.31836985751144486       0.31836985751144486       0.31836985751144486     
  0.99368874376446059       0.72970972019343971       0.72970972019343971       0.31836985751144486       0.31836985751144486       0.31836985751144486       0.31836985751144486       0.31836985751144486       0.31836985751144486       0.31836985751144486       0.31836985751144486     
  0.98122364160265152       0.47259322049623914       0.47259322049623914       0.13421880781551035       0.13421880781551035       0.13421880781551035       0.13421880781551035       0.13421880781551035       0.13421880781551035       0.13421880781551035       0.13421880781551035     
  0.95677539363317332       0.27512369630575423       0.27512369630575423        6.1617948398344370E-002   6.1617948398344370E-002   6.1617948398344370E-002   6.1617948398344370E-002   6.1617948398344370E-002   6.1617948398344370E-002   6.1617948398344370E-002   6.1617948398344370E-002
  0.95677539363317332       0.27512369630575423       0.27512369630575423        6.1617948398344370E-002   6.1617948398344370E-002   6.1617948398344370E-002   6.1617948398344370E-002   6.1617948398344370E-002   6.1617948398344370E-002   6.1617948398344370E-002   6.1617948398344370E-002
  0.95677539363317332       0.27512369630575423       0.27512369630575423        6.1617948398344370E-002   6.1617948398344370E-002   6.1617948398344370E-002   6.1617948398344370E-002   6.1617948398344370E-002   6.1617948398344370E-002   6.1617948398344370E-002   6.1617948398344370E-002
  0.79023790851994258        6.0677898890017283E-002   6.0677898890017283E-002   1.1052302647093096E-002   1.1052302647093096E-002   1.1052302647093096E-002   1.1052302647093096E-002   1.1052302647093096E-002   1.1052302647093096E-002   1.1052302647093096E-002   1.1052302647093096E-002
  0.79023790851994258        6.0677898890017283E-002   6.0677898890017283E-002   1.1052302647093096E-002   1.1052302647093096E-002   1.1052302647093096E-002   1.1052302647093096E-002   1.1052302647093096E-002   1.1052302647093096E-002   1.1052302647093096E-002   1.1052302647093096E-002
  0.79023790851994258        6.0677898890017283E-002   6.0677898890017283E-002   1.1052302647093096E-002   1.1052302647093096E-002   1.1052302647093096E-002   1.1052302647093096E-002   1.1052302647093096E-002   1.1052302647093096E-002   1.1052302647093096E-002   1.1052302647093096E-002
  0.79023790851994258        6.0677898890017283E-002   6.0677898890017283E-002   1.1052302647093096E-002   1.1052302647093096E-002   1.1052302647093096E-002   1.1052302647093096E-002   1.1052302647093096E-002   1.1052302647093096E-002   1.1052302647093096E-002   1.1052302647093096E-002
