  0.97386723317425206       0.86224656598491345       0.86224656598491345       0.74743036875919511       0.51005854183017207       0.51005854183017207       0.51005854183017207       0.51005854183017207       0.30286033429522846       0.30286033429522846       0.30286033429522846       0.30286033429522846       0.30286033429522846     
  0.94167050470700775       0.73057432380467313       0.73057432380467313       0.56178676195412958       0.31081799874302729       0.31081799874302729       0.31081799874302729       0.31081799874302729       0.15839065414117315       0.15839065414117315       0.15839065414117315       0.15839065414117315       0.15839065414117315     
  0.90905997804879357       0.62672717402007183       0.62672717402007183       0.44252517628039573       0.21829422942892376       0.21829422942892376       0.21829422942892376       0.21829422942892376       0.10436971136495329       0.10436971136495329       0.10436971136495329       0.10436971136495329       0.10436971136495329     
  0.90905997804879357       0.62672717402007183       0.62672717402007183       0.44252517628039573       0.21829422942892376       0.21829422942892376       0.21829422942892376       0.21829422942892376       0.10436971136495329       0.10436971136495329       0.10436971136495329       0.10436971136495329       0.10436971136495329     
  0.90905997804879357       0.62672717402007183       0.62672717402007183       0.44252517628039573       0.21829422942892376       0.21829422942892376       0.21829422942892376       0.21829422942892376       0.10436971136495329       0.10436971136495329       0.10436971136495329       0.10436971136495329       0.10436971136495329     
  0.73575285465106743       0.31864633079077820       0.31864633079077820       0.18106903680063596        7.2169199737214917E-002   7.2169199737214917E-002   7.2169199737214917E-002   7.2169199737214917E-002   3.1438167775545159E-002   3.1438167775545159E-002   3.1438167775545159E-002   3.1438167775545159E-002   3.1438167775545159E-002
  0.73575285465106743       0.31864633079077820       0.31864633079077820       0.18106903680063596        7.2169199737214917E-002   7.2169199737214917E-002   7.2169199737214917E-002   7.2169199737214917E-002   3.1438167775545159E-002   3.1438167775545159E-002   3.1438167775545159E-002   3.1438167775545159E-002   3.1438167775545159E-002
  0.73575285465106743       0.31864633079077820       0.31864633079077820       0.18106903680063596        7.2169199737214917E-002   7.2169199737214917E-002   7.2169199737214917E-002   7.2169199737214917E-002   3.1438167775545159E-002   3.1438167775545159E-002   3.1438167775545159E-002   3.1438167775545159E-002   3.1438167775545159E-002
  0.73575285465106743       0.31864633079077820       0.31864633079077820       0.18106903680063596        7.2169199737214917E-002   7.2169199737214917E-002   7.2169199737214917E-002   7.2169199737214917E-002   3.1438167775545159E-002   3.1438167775545159E-002   3.1438167775545159E-002   3.1438167775545159E-002   3.1438167775545159E-002
  0.49047496582893968       0.13918041421840366       0.13918041421840366        7.1012747956683969E-002   2.6187151487727624E-002   2.6187151487727624E-002   2.6187151487727624E-002   2.6187151487727624E-002   1.1097193156129160E-002   1.1097193156129160E-002   1.1097193156129160E-002   1.1097193156129160E-002   1.1097193156129160E-002
  0.49047496582893968       0.13918041421840366       0.13918041421840366        7.1012747956683969E-002   2.6187151487727624E-002   2.6187151487727624E-002   2.6187151487727624E-002   2.6187151487727624E-002   1.1097193156129160E-002   1.1097193156129160E-002   1.1097193156129160E-002   1.1097193156129160E-002   1.1097193156129160E-002
  0.49047496582893968       0.13918041421840366       0.13918041421840366        7.1012747956683969E-002   2.6187151487727624E-002   2.6187151487727624E-002   2.6187151487727624E-002   2.6187151487727624E-002   1.1097193156129160E-002   1.1097193156129160E-002   1.1097193156129160E-002   1.1097193156129160E-002   1.1097193156129160E-002
  0.49047496582893968       0.13918041421840366       0.13918041421840366        7.1012747956683969E-002   2.6187151487727624E-002   2.6187151487727624E-002   2.6187151487727624E-002   2.6187151487727624E-002   1.1097193156129160E-002   1.1097193156129160E-002   1.1097193156129160E-002   1.1097193156129160E-002   1.1097193156129160E-002
  0.49047496582893968       0.13918041421840366       0.13918041421840366        7.1012747956683969E-002   2.6187151487727624E-002   2.6187151487727624E-002   2.6187151487727624E-002   2.6187151487727624E-002   1.1097193156129160E-002   1.1097193156129160E-002   1.1097193156129160E-002   1.1097193156129160E-002   1.1097193156129160E-002
  0.49047496582893968       0.13918041421840366       0.13918041421840366        7.1012747956683969E-002   2.6187151487727624E-002   2.6187151487727624E-002   2.6187151487727624E-002   2.6187151487727624E-002   1.1097193156129160E-002   1.1097193156129160E-002   1.1097193156129160E-002   1.1097193156129160E-002   1.1097193156129160E-002
  0.49047496582893968       0.13918041421840366       0.13918041421840366        7.1012747956683969E-002   2.6187151487727624E-002   2.6187151487727624E-002   2.6187151487727624E-002   2.6187151487727624E-002   1.1097193156129160E-002   1.1097193156129160E-002   1.1097193156129160E-002   1.1097193156129160E-002   1.1097193156129160E-002
  0.49047496582893968       0.13918041421840366       0.13918041421840366        7.1012747956683969E-002   2.6187151487727624E-002   2.6187151487727624E-002   2.6187151487727624E-002   2.6187151487727624E-002   1.1097193156129160E-002   1.1097193156129160E-002   1.1097193156129160E-002   1.1097193156129160E-002   1.1097193156129160E-002
  0.49047496582893968       0.13918041421840366       0.13918041421840366        7.1012747956683969E-002   2.6187151487727624E-002   2.6187151487727624E-002   2.6187151487727624E-002   2.6187151487727624E-002   1.1097193156129160E-002   1.1097193156129160E-002   1.1097193156129160E-002   1.1097193156129160E-002   1.1097193156129160E-002
