  0.89999999997850155       0.89999999973209888       0.89999999879467063       0.89999999879467063     
  0.89999999997850155       0.89999999973209888       0.89999999879467063       0.89999999879467063     
  0.89999999997850155       0.89999999973209888       0.89999999879467063       0.89999999879467063     
  0.89999999997850155       0.89999999973209888       0.89999999879467063       0.89999999879467063     
  0.88836540333160208       0.77375871598099177       0.51898617375351008       0.51898617375351008     
  0.88836540333160208       0.77375871598099177       0.51898617375351008       0.51898617375351008     
  0.85093564071036432       0.52377363465742144       0.21265667060983587       0.21265667060983587     
  0.85093564071036432       0.52377363465742144       0.21265667060983587       0.21265667060983587     
  0.85093564071036432       0.52377363465742144       0.21265667060983587       0.21265667060983587     
  0.65685166126551542       0.16038553242870648        4.1378291111194627E-002   4.1378291111194627E-002
  0.65685166126551542       0.16038553242870648        4.1378291111194627E-002   4.1378291111194627E-002
  0.65685166126551542       0.16038553242870648        4.1378291111194627E-002   4.1378291111194627E-002
