  0.86765375589262939       0.75501098888970331       0.69474801018556764       0.69474801018556764       0.53129105846820024       0.53129105846820024       0.42531488506636422     
  0.86765375589262939       0.75501098888970331       0.69474801018556764       0.69474801018556764       0.53129105846820024       0.53129105846820024       0.42531488506636422     
  0.86765375589262939       0.75501098888970331       0.69474801018556764       0.69474801018556764       0.53129105846820024       0.53129105846820024       0.42531488506636422     
  0.83519767168409431       0.64300694119877888       0.55732007641663805       0.55732007641663805       0.36819472952563015       0.36819472952563015       0.27085280127991296     
  0.83519767168409431       0.64300694119877888       0.55732007641663805       0.55732007641663805       0.36819472952563015       0.36819472952563015       0.27085280127991296     
  0.83519767168409431       0.64300694119877888       0.55732007641663805       0.55732007641663805       0.36819472952563015       0.36819472952563015       0.27085280127991296     
  0.77835627403728480       0.49860481892548092       0.40205601378741007       0.40205601378741007       0.23022161648527734       0.23022161648527734       0.15848586657126001     
  0.77835627403728480       0.49860481892548092       0.40205601378741007       0.40205601378741007       0.23022161648527734       0.23022161648527734       0.15848586657126001     
  0.77835627403728480       0.49860481892548092       0.40205601378741007       0.40205601378741007       0.23022161648527734       0.23022161648527734       0.15848586657126001     
  0.66960996593236122       0.32463592061138147       0.24150578819343874       0.24150578819343874       0.12154037643262897       0.12154037643262897        7.9642315832519239E-002
  0.44333239922555345       0.14271904763004334        9.8220386818006891E-002   9.8220386818006891E-002   4.4608780003225088E-002   4.4608780003225088E-002   2.8267972951828386E-002
  0.44333239922555345       0.14271904763004334        9.8220386818006891E-002   9.8220386818006891E-002   4.4608780003225088E-002   4.4608780003225088E-002   2.8267972951828386E-002
