  0.89999999999999991       0.89999999999999991       0.89997530970963313       0.89997530970963313       0.89979702405128725       0.89679876101372757       0.89679876101372757       0.89679876101372757       0.86247416360782159       0.68679152877125171       0.68679152877125171       0.68679152877125171       0.68679152877125171     
  0.89999999999999991       0.89999999999999991       0.89956431421567873       0.89956431421567873       0.89643005149969879       0.84664559331527289       0.84664559331527289       0.84664559331527289       0.50901490903485525       0.13887687349261205       0.13887687349261205       0.13887687349261205       0.13887687349261205     
  0.89999999999999991       0.89999999999999991       0.89863080880289514       0.89863080880289514       0.88886416989429495       0.75109616660090706       0.75109616660090706       0.75109616660090706       0.26343407081610376        4.9338942217199595E-002   4.9338942217199595E-002   4.9338942217199595E-002   4.9338942217199595E-002
  0.89999999999999991       0.89999999999999991       0.89575676091557599       0.89575676091557599       0.86625887990880002       0.55680643937760654       0.55680643937760654       0.55680643937760654       0.10572441634652983        1.6482531741934297E-002   1.6482531741934297E-002   1.6482531741934297E-002   1.6482531741934297E-002
  0.89999999999999991       0.89999999999999991       0.88756986476170707       0.88756986476170707       0.80706367286792480       0.31889790227858966       0.31889790227858966       0.31889790227858966        3.8775250240333708E-002   5.6435630462638763E-003   5.6435630462638763E-003   5.6435630462638763E-003   5.6435630462638763E-003
  0.89999999999999991       0.89999999999999991       0.85507700018990185       0.85507700018990185       0.62849853489913288       0.11485705188642831       0.11485705188642831       0.11485705188642831        1.0673552779510523E-002   1.5113501487685186E-003   1.5113501487685186E-003   1.5113501487685186E-003   1.5113501487685186E-003
  0.89999999999999980       0.89999999999999980       0.71524598699842423       0.71524598699842423       0.28809742364308333        2.6004187917671798E-002   2.6004187917671798E-002   2.6004187917671798E-002   2.1915759783630649E-003   3.0780208157311456E-004   3.0780208157311456E-004   3.0780208157311456E-004   3.0780208157311456E-004
  0.89999999999999980       0.89999999999999980       0.71524598699842423       0.71524598699842423       0.28809742364308333        2.6004187917671798E-002   2.6004187917671798E-002   2.6004187917671798E-002   2.1915759783630649E-003   3.0780208157311456E-004   3.0780208157311456E-004   3.0780208157311456E-004   3.0780208157311456E-004
  0.89999999999999980       0.89999999999999980       0.71524598699842423       0.71524598699842423       0.28809742364308333        2.6004187917671798E-002   2.6004187917671798E-002   2.6004187917671798E-002   2.1915759783630649E-003   3.0780208157311456E-004   3.0780208157311456E-004   3.0780208157311456E-004   3.0780208157311456E-004
  0.89999999999999980       0.89999999999999980       0.71524598699842423       0.71524598699842423       0.28809742364308333        2.6004187917671798E-002   2.6004187917671798E-002   2.6004187917671798E-002   2.1915759783630649E-003   3.0780208157311456E-004   3.0780208157311456E-004   3.0780208157311456E-004   3.0780208157311456E-004
  0.89999999999999947       0.89999999999999947       0.40124162491747528       0.40124162491747528        8.0207554832273570E-002   5.5303644861364213E-003   5.5303644861364213E-003   5.5303644861364213E-003   4.5629882338748087E-004   6.3979869186651397E-005   6.3979869186651397E-005   6.3979869186651397E-005   6.3979869186651397E-005
  0.89999999999999947       0.89999999999999947       0.40124162491747528       0.40124162491747528        8.0207554832273570E-002   5.5303644861364213E-003   5.5303644861364213E-003   5.5303644861364213E-003   4.5629882338748087E-004   6.3979869186651397E-005   6.3979869186651397E-005   6.3979869186651397E-005   6.3979869186651397E-005
  0.89999998504089340       0.89999998504089340        5.6326607234414111E-009   5.6326607234414111E-009   6.8565977642414396E-010   4.3339768836027087E-011   4.3339768836027087E-011   4.3339768836027087E-011   3.5582664837137620E-012   4.9884684955115570E-013   4.9884684955115570E-013   4.9884684955115570E-013   4.9884684955115570E-013
