  0.84415154156981698       0.84415154156981698       0.52232373215650618       0.52232373215650618       0.52232373215650618       0.30496548156542919       0.30496548156542919       0.30496548156542919       0.30496548156542919       0.30496548156542919       0.30496548156542919       0.30496548156542919       0.30496548156542919       0.30496548156542919     
  0.79142600380985029       0.79142600380985029       0.43375398940954413       0.43375398940954413       0.43375398940954413       0.23511183307746791       0.23511183307746791       0.23511183307746791       0.23511183307746791       0.23511183307746791       0.23511183307746791       0.23511183307746791       0.23511183307746791       0.23511183307746791     
  0.61588926098824803       0.61588926098824803       0.24453826750193722       0.24453826750193722       0.24453826750193722       0.11495735782139213       0.11495735782139213       0.11495735782139213       0.11495735782139213       0.11495735782139213       0.11495735782139213       0.11495735782139213       0.11495735782139213       0.11495735782139213     
  0.47019955276123504       0.47019955276123504       0.15194371985381103       0.15194371985381103       0.15194371985381103        6.7072455825922472E-002   6.7072455825922472E-002   6.7072455825922472E-002   6.7072455825922472E-002   6.7072455825922472E-002   6.7072455825922472E-002   6.7072455825922472E-002   6.7072455825922472E-002   6.7072455825922472E-002
  0.47019955276123504       0.47019955276123504       0.15194371985381103       0.15194371985381103       0.15194371985381103        6.7072455825922472E-002   6.7072455825922472E-002   6.7072455825922472E-002   6.7072455825922472E-002   6.7072455825922472E-002   6.7072455825922472E-002   6.7072455825922472E-002   6.7072455825922472E-002   6.7072455825922472E-002
  0.47019955276123504       0.47019955276123504       0.15194371985381103       0.15194371985381103       0.15194371985381103        6.7072455825922472E-002   6.7072455825922472E-002   6.7072455825922472E-002   6.7072455825922472E-002   6.7072455825922472E-002   6.7072455825922472E-002   6.7072455825922472E-002   6.7072455825922472E-002   6.7072455825922472E-002
  0.26760611222564473       0.26760611222564473        6.8695927849200866E-002   6.8695927849200866E-002   6.8695927849200866E-002   2.8748127132615521E-002   2.8748127132615521E-002   2.8748127132615521E-002   2.8748127132615521E-002   2.8748127132615521E-002   2.8748127132615521E-002   2.8748127132615521E-002   2.8748127132615521E-002   2.8748127132615521E-002
  0.26760611222564473       0.26760611222564473        6.8695927849200866E-002   6.8695927849200866E-002   6.8695927849200866E-002   2.8748127132615521E-002   2.8748127132615521E-002   2.8748127132615521E-002   2.8748127132615521E-002   2.8748127132615521E-002   2.8748127132615521E-002   2.8748127132615521E-002   2.8748127132615521E-002   2.8748127132615521E-002
  0.26760611222564473       0.26760611222564473        6.8695927849200866E-002   6.8695927849200866E-002   6.8695927849200866E-002   2.8748127132615521E-002   2.8748127132615521E-002   2.8748127132615521E-002   2.8748127132615521E-002   2.8748127132615521E-002   2.8748127132615521E-002   2.8748127132615521E-002   2.8748127132615521E-002   2.8748127132615521E-002
  0.26760611222564473       0.26760611222564473        6.8695927849200866E-002   6.8695927849200866E-002   6.8695927849200866E-002   2.8748127132615521E-002   2.8748127132615521E-002   2.8748127132615521E-002   2.8748127132615521E-002   2.8748127132615521E-002   2.8748127132615521E-002   2.8748127132615521E-002   2.8748127132615521E-002   2.8748127132615521E-002
  0.26760611222564473       0.26760611222564473        6.8695927849200866E-002   6.8695927849200866E-002   6.8695927849200866E-002   2.8748127132615521E-002   2.8748127132615521E-002   2.8748127132615521E-002   2.8748127132615521E-002   2.8748127132615521E-002   2.8748127132615521E-002   2.8748127132615521E-002   2.8748127132615521E-002   2.8748127132615521E-002
