  0.99920722495302106       0.96744034408971979       0.92753069906855656       0.36860504118829091       0.36860504118829091       0.36860504118829091     
  0.99672191077554628       0.87756953047074793       0.75535801842516848       0.12344834987868779       0.12344834987868779       0.12344834987868779     
  0.99672191077554628       0.87756953047074793       0.75535801842516848       0.12344834987868779       0.12344834987868779       0.12344834987868779     
  0.99672191077554628       0.87756953047074793       0.75535801842516848       0.12344834987868779       0.12344834987868779       0.12344834987868779     
  0.99672191077554628       0.87756953047074793       0.75535801842516848       0.12344834987868779       0.12344834987868779       0.12344834987868779     
  0.99672191077554628       0.87756953047074793       0.75535801842516848       0.12344834987868779       0.12344834987868779       0.12344834987868779     
  0.83620561541047556       0.10742328219520587        4.9286971936068610E-002   2.3590810626454256E-003   2.3590810626454256E-003   2.3590810626454256E-003
  0.83620561541047556       0.10742328219520587        4.9286971936068610E-002   2.3590810626454256E-003   2.3590810626454256E-003   2.3590810626454256E-003
  0.83620561541047556       0.10742328219520587        4.9286971936068610E-002   2.3590810626454256E-003   2.3590810626454256E-003   2.3590810626454256E-003
  0.83620561541047556       0.10742328219520587        4.9286971936068610E-002   2.3590810626454256E-003   2.3590810626454256E-003   2.3590810626454256E-003
  0.83620561541047556       0.10742328219520587        4.9286971936068610E-002   2.3590810626454256E-003   2.3590810626454256E-003   2.3590810626454256E-003
  0.83620561541047556       0.10742328219520587        4.9286971936068610E-002   2.3590810626454256E-003   2.3590810626454256E-003   2.3590810626454256E-003
