  0.89996581329468806       0.89288219639875444       0.88166146231927767       0.79112478035352607       0.72878520283103676       0.72878520283103676       0.61613595425042911       0.52702044051808195       0.23381606508972264     
  0.89992181334843713       0.88388449303202876       0.85912876678832539       0.68453515532176523       0.58543187127669172       0.58543187127669172       0.43822646068632498       0.34368794004662268       0.11973609596013313     
  0.89992181334843713       0.88388449303202876       0.85912876678832539       0.68453515532176523       0.58543187127669172       0.58543187127669172       0.43822646068632498       0.34368794004662268       0.11973609596013313     
  0.89992181334843713       0.88388449303202876       0.85912876678832539       0.68453515532176523       0.58543187127669172       0.58543187127669172       0.43822646068632498       0.34368794004662268       0.11973609596013313     
  0.89983320915636855       0.86630230212018700       0.81707184054855653       0.53843008786802726       0.41931475395983442       0.41931475395983442       0.27708634419243794       0.20209654954507897        6.0391799556279241E-002
  0.89962472886218825       0.82755610202564900       0.73265432530674557       0.35838713429345448       0.25140726462093094       0.25140726462093094       0.14853317396933904       0.10260393427521233        2.7874472611117619E-002
  0.89962472886218825       0.82755610202564900       0.73265432530674557       0.35838713429345448       0.25140726462093094       0.25140726462093094       0.14853317396933904       0.10260393427521233        2.7874472611117619E-002
  0.89962472886218825       0.82755610202564900       0.73265432530674557       0.35838713429345448       0.25140726462093094       0.25140726462093094       0.14853317396933904       0.10260393427521233        2.7874472611117619E-002
  0.89962472886218825       0.82755610202564900       0.73265432530674557       0.35838713429345448       0.25140726462093094       0.25140726462093094       0.14853317396933904       0.10260393427521233        2.7874472611117619E-002
  0.89898801892702995       0.72801857788638336       0.55679901183446634       0.17722725287840543       0.11303807498395595       0.11303807498395595        6.1421796727470217E-002   4.0960778024139187E-002   1.0534695831260031E-002
  0.89898801892702995       0.72801857788638336       0.55679901183446634       0.17722725287840543       0.11303807498395595       0.11303807498395595        6.1421796727470217E-002   4.0960778024139187E-002   1.0534695831260031E-002
  0.89898801892702995       0.72801857788638336       0.55679901183446634       0.17722725287840543       0.11303807498395595       0.11303807498395595        6.1421796727470217E-002   4.0960778024139187E-002   1.0534695831260031E-002
  0.89898801892702995       0.72801857788638336       0.55679901183446634       0.17722725287840543       0.11303807498395595       0.11303807498395595        6.1421796727470217E-002   4.0960778024139187E-002   1.0534695831260031E-002
  0.89898801892702995       0.72801857788638336       0.55679901183446634       0.17722725287840543       0.11303807498395595       0.11303807498395595        6.1421796727470217E-002   4.0960778024139187E-002   1.0534695831260031E-002
  0.89898801892702995       0.72801857788638336       0.55679901183446634       0.17722725287840543       0.11303807498395595       0.11303807498395595        6.1421796727470217E-002   4.0960778024139187E-002   1.0534695831260031E-002
  0.89898801892702995       0.72801857788638336       0.55679901183446634       0.17722725287840543       0.11303807498395595       0.11303807498395595        6.1421796727470217E-002   4.0960778024139187E-002   1.0534695831260031E-002
  0.89898801892702995       0.72801857788638336       0.55679901183446634       0.17722725287840543       0.11303807498395595       0.11303807498395595        6.1421796727470217E-002   4.0960778024139187E-002   1.0534695831260031E-002
  0.89898801892702995       0.72801857788638336       0.55679901183446634       0.17722725287840543       0.11303807498395595       0.11303807498395595        6.1421796727470217E-002   4.0960778024139187E-002   1.0534695831260031E-002
  0.89622847079566870       0.47793046624835395       0.27237618013079173        5.5398783221573933E-002   3.3301136390290163E-002   3.3301136390290163E-002   1.7294756195517513E-002   1.1334782166023086E-002   2.8423758728335462E-003
  0.89622847079566870       0.47793046624835395       0.27237618013079173        5.5398783221573933E-002   3.3301136390290163E-002   3.3301136390290163E-002   1.7294756195517513E-002   1.1334782166023086E-002   2.8423758728335462E-003
  0.89622847079566870       0.47793046624835395       0.27237618013079173        5.5398783221573933E-002   3.3301136390290163E-002   3.3301136390290163E-002   1.7294756195517513E-002   1.1334782166023086E-002   2.8423758728335462E-003
  0.89622847079566870       0.47793046624835395       0.27237618013079173        5.5398783221573933E-002   3.3301136390290163E-002   3.3301136390290163E-002   1.7294756195517513E-002   1.1334782166023086E-002   2.8423758728335462E-003
  0.89622847079566870       0.47793046624835395       0.27237618013079173        5.5398783221573933E-002   3.3301136390290163E-002   3.3301136390290163E-002   1.7294756195517513E-002   1.1334782166023086E-002   2.8423758728335462E-003
  0.89622847079566870       0.47793046624835395       0.27237618013079173        5.5398783221573933E-002   3.3301136390290163E-002   3.3301136390290163E-002   1.7294756195517513E-002   1.1334782166023086E-002   2.8423758728335462E-003
  0.89622847079566870       0.47793046624835395       0.27237618013079173        5.5398783221573933E-002   3.3301136390290163E-002   3.3301136390290163E-002   1.7294756195517513E-002   1.1334782166023086E-002   2.8423758728335462E-003
  0.89622847079566870       0.47793046624835395       0.27237618013079173        5.5398783221573933E-002   3.3301136390290163E-002   3.3301136390290163E-002   1.7294756195517513E-002   1.1334782166023086E-002   2.8423758728335462E-003
  0.89622847079566870       0.47793046624835395       0.27237618013079173        5.5398783221573933E-002   3.3301136390290163E-002   3.3301136390290163E-002   1.7294756195517513E-002   1.1334782166023086E-002   2.8423758728335462E-003
  0.89622847079566870       0.47793046624835395       0.27237618013079173        5.5398783221573933E-002   3.3301136390290163E-002   3.3301136390290163E-002   1.7294756195517513E-002   1.1334782166023086E-002   2.8423758728335462E-003
  0.89622847079566870       0.47793046624835395       0.27237618013079173        5.5398783221573933E-002   3.3301136390290163E-002   3.3301136390290163E-002   1.7294756195517513E-002   1.1334782166023086E-002   2.8423758728335462E-003
  0.89622847079566870       0.47793046624835395       0.27237618013079173        5.5398783221573933E-002   3.3301136390290163E-002   3.3301136390290163E-002   1.7294756195517513E-002   1.1334782166023086E-002   2.8423758728335462E-003
  0.89622847079566870       0.47793046624835395       0.27237618013079173        5.5398783221573933E-002   3.3301136390290163E-002   3.3301136390290163E-002   1.7294756195517513E-002   1.1334782166023086E-002   2.8423758728335462E-003
  0.82750876592319167        4.6430705960175817E-002   1.8379644676543266E-002   2.8269006524452322E-003   1.6581286835784077E-003   1.6581286835784077E-003   8.4628852013074885E-004   5.5110872892396798E-004   1.3695407332170226E-004
  0.82750876592319167        4.6430705960175817E-002   1.8379644676543266E-002   2.8269006524452322E-003   1.6581286835784077E-003   1.6581286835784077E-003   8.4628852013074885E-004   5.5110872892396798E-004   1.3695407332170226E-004
  0.82750876592319167        4.6430705960175817E-002   1.8379644676543266E-002   2.8269006524452322E-003   1.6581286835784077E-003   1.6581286835784077E-003   8.4628852013074885E-004   5.5110872892396798E-004   1.3695407332170226E-004
  0.82750876592319167        4.6430705960175817E-002   1.8379644676543266E-002   2.8269006524452322E-003   1.6581286835784077E-003   1.6581286835784077E-003   8.4628852013074885E-004   5.5110872892396798E-004   1.3695407332170226E-004
  0.82750876592319167        4.6430705960175817E-002   1.8379644676543266E-002   2.8269006524452322E-003   1.6581286835784077E-003   1.6581286835784077E-003   8.4628852013074885E-004   5.5110872892396798E-004   1.3695407332170226E-004
  0.82750876592319167        4.6430705960175817E-002   1.8379644676543266E-002   2.8269006524452322E-003   1.6581286835784077E-003   1.6581286835784077E-003   8.4628852013074885E-004   5.5110872892396798E-004   1.3695407332170226E-004
  0.82750876592319167        4.6430705960175817E-002   1.8379644676543266E-002   2.8269006524452322E-003   1.6581286835784077E-003   1.6581286835784077E-003   8.4628852013074885E-004   5.5110872892396798E-004   1.3695407332170226E-004
  0.82750876592319167        4.6430705960175817E-002   1.8379644676543266E-002   2.8269006524452322E-003   1.6581286835784077E-003   1.6581286835784077E-003   8.4628852013074885E-004   5.5110872892396798E-004   1.3695407332170226E-004
  0.82750876592319167        4.6430705960175817E-002   1.8379644676543266E-002   2.8269006524452322E-003   1.6581286835784077E-003   1.6581286835784077E-003   8.4628852013074885E-004   5.5110872892396798E-004   1.3695407332170226E-004
  0.82750876592319167        4.6430705960175817E-002   1.8379644676543266E-002   2.8269006524452322E-003   1.6581286835784077E-003   1.6581286835784077E-003   8.4628852013074885E-004   5.5110872892396798E-004   1.3695407332170226E-004
  0.82750876592319167        4.6430705960175817E-002   1.8379644676543266E-002   2.8269006524452322E-003   1.6581286835784077E-003   1.6581286835784077E-003   8.4628852013074885E-004   5.5110872892396798E-004   1.3695407332170226E-004
  0.82750876592319167        4.6430705960175817E-002   1.8379644676543266E-002   2.8269006524452322E-003   1.6581286835784077E-003   1.6581286835784077E-003   8.4628852013074885E-004   5.5110872892396798E-004   1.3695407332170226E-004
  0.82750876592319167        4.6430705960175817E-002   1.8379644676543266E-002   2.8269006524452322E-003   1.6581286835784077E-003   1.6581286835784077E-003   8.4628852013074885E-004   5.5110872892396798E-004   1.3695407332170226E-004
  0.82750876592319167        4.6430705960175817E-002   1.8379644676543266E-002   2.8269006524452322E-003   1.6581286835784077E-003   1.6581286835784077E-003   8.4628852013074885E-004   5.5110872892396798E-004   1.3695407332170226E-004
  0.82750876592319167        4.6430705960175817E-002   1.8379644676543266E-002   2.8269006524452322E-003   1.6581286835784077E-003   1.6581286835784077E-003   8.4628852013074885E-004   5.5110872892396798E-004   1.3695407332170226E-004
  0.82750876592319167        4.6430705960175817E-002   1.8379644676543266E-002   2.8269006524452322E-003   1.6581286835784077E-003   1.6581286835784077E-003   8.4628852013074885E-004   5.5110872892396798E-004   1.3695407332170226E-004
  0.82750876592319167        4.6430705960175817E-002   1.8379644676543266E-002   2.8269006524452322E-003   1.6581286835784077E-003   1.6581286835784077E-003   8.4628852013074885E-004   5.5110872892396798E-004   1.3695407332170226E-004
  0.82750876592319167        4.6430705960175817E-002   1.8379644676543266E-002   2.8269006524452322E-003   1.6581286835784077E-003   1.6581286835784077E-003   8.4628852013074885E-004   5.5110872892396798E-004   1.3695407332170226E-004
  0.82750876592319167        4.6430705960175817E-002   1.8379644676543266E-002   2.8269006524452322E-003   1.6581286835784077E-003   1.6581286835784077E-003   8.4628852013074885E-004   5.5110872892396798E-004   1.3695407332170226E-004
  0.82750876592319167        4.6430705960175817E-002   1.8379644676543266E-002   2.8269006524452322E-003   1.6581286835784077E-003   1.6581286835784077E-003   8.4628852013074885E-004   5.5110872892396798E-004   1.3695407332170226E-004
  0.82750876592319167        4.6430705960175817E-002   1.8379644676543266E-002   2.8269006524452322E-003   1.6581286835784077E-003   1.6581286835784077E-003   8.4628852013074885E-004   5.5110872892396798E-004   1.3695407332170226E-004
  0.82750876592319167        4.6430705960175817E-002   1.8379644676543266E-002   2.8269006524452322E-003   1.6581286835784077E-003   1.6581286835784077E-003   8.4628852013074885E-004   5.5110872892396798E-004   1.3695407332170226E-004
  0.82750876592319167        4.6430705960175817E-002   1.8379644676543266E-002   2.8269006524452322E-003   1.6581286835784077E-003   1.6581286835784077E-003   8.4628852013074885E-004   5.5110872892396798E-004   1.3695407332170226E-004
  0.82750876592319167        4.6430705960175817E-002   1.8379644676543266E-002   2.8269006524452322E-003   1.6581286835784077E-003   1.6581286835784077E-003   8.4628852013074885E-004   5.5110872892396798E-004   1.3695407332170226E-004
