  0.86085810048466549       0.68121143580107713       0.60162440185752541       0.50000336799545941       0.50000336799545941       0.50000336799545941       0.50000336799545941       0.37043321134601970       0.37043321134601970       0.37043321134601970       0.37043321134601970       0.20620240343918850       0.20620240343918850       0.20620240343918850       0.20620240343918850       0.20620240343918850       0.20620240343918850       0.20620240343918850       0.20620240343918850       0.20620240343918850       0.20620240343918850       0.20620240343918850       0.20620240343918850     
  0.85140658675245628       0.64141136027553136       0.55468550143929107       0.44906043349371699       0.44906043349371699       0.44906043349371699       0.44906043349371699       0.32206237407801602       0.32206237407801602       0.32206237407801602       0.32206237407801602       0.17229931813981533       0.17229931813981533       0.17229931813981533       0.17229931813981533       0.17229931813981533       0.17229931813981533       0.17229931813981533       0.17229931813981533       0.17229931813981533       0.17229931813981533       0.17229931813981533       0.17229931813981533     
  0.82196335498287709       0.53872113215902862       0.44213956091392437       0.33702873561027219       0.33702873561027219       0.33702873561027219       0.33702873561027219       0.22584599576307440       0.22584599576307440       0.22584599576307440       0.22584599576307440       0.11214305943285777       0.11214305943285777       0.11214305943285777       0.11214305943285777       0.11214305943285777       0.11214305943285777       0.11214305943285777       0.11214305943285777       0.11214305943285777       0.11214305943285777       0.11214305943285777       0.11214305943285777     
  0.79784210522216925       0.47257592972662293       0.37552669214696738       0.27668227693869324       0.27668227693869324       0.27668227693869324       0.27668227693869324       0.17907485472675208       0.17907485472675208       0.17907485472675208       0.17907485472675208        8.5918032375252557E-002   8.5918032375252557E-002   8.5918032375252557E-002   8.5918032375252557E-002   8.5918032375252557E-002   8.5918032375252557E-002   8.5918032375252557E-002   8.5918032375252557E-002   8.5918032375252557E-002   8.5918032375252557E-002   8.5918032375252557E-002   8.5918032375252557E-002
  0.79784210522216925       0.47257592972662293       0.37552669214696738       0.27668227693869324       0.27668227693869324       0.27668227693869324       0.27668227693869324       0.17907485472675208       0.17907485472675208       0.17907485472675208       0.17907485472675208        8.5918032375252557E-002   8.5918032375252557E-002   8.5918032375252557E-002   8.5918032375252557E-002   8.5918032375252557E-002   8.5918032375252557E-002   8.5918032375252557E-002   8.5918032375252557E-002   8.5918032375252557E-002   8.5918032375252557E-002   8.5918032375252557E-002   8.5918032375252557E-002
  0.76165611164286728       0.39421466820172113       0.30189170152619260       0.21450224214662530       0.21450224214662530       0.21450224214662530       0.21450224214662530       0.13411094681966720       0.13411094681966720       0.13411094681966720       0.13411094681966720        6.2322781122953197E-002   6.2322781122953197E-002   6.2322781122953197E-002   6.2322781122953197E-002   6.2322781122953197E-002   6.2322781122953197E-002   6.2322781122953197E-002   6.2322781122953197E-002   6.2322781122953197E-002   6.2322781122953197E-002   6.2322781122953197E-002   6.2322781122953197E-002
  0.70317860073824057       0.30230278165021357       0.22205485053415419       0.15190640678837733       0.15190640678837733       0.15190640678837733       0.15190640678837733        9.1832062183043711E-002   9.1832062183043711E-002   9.1832062183043711E-002   9.1832062183043711E-002   4.1450503849683192E-002   4.1450503849683192E-002   4.1450503849683192E-002   4.1450503849683192E-002   4.1450503849683192E-002   4.1450503849683192E-002   4.1450503849683192E-002   4.1450503849683192E-002   4.1450503849683192E-002   4.1450503849683192E-002   4.1450503849683192E-002   4.1450503849683192E-002
  0.70317860073824057       0.30230278165021357       0.22205485053415419       0.15190640678837733       0.15190640678837733       0.15190640678837733       0.15190640678837733        9.1832062183043711E-002   9.1832062183043711E-002   9.1832062183043711E-002   9.1832062183043711E-002   4.1450503849683192E-002   4.1450503849683192E-002   4.1450503849683192E-002   4.1450503849683192E-002   4.1450503849683192E-002   4.1450503849683192E-002   4.1450503849683192E-002   4.1450503849683192E-002   4.1450503849683192E-002   4.1450503849683192E-002   4.1450503849683192E-002   4.1450503849683192E-002
  0.70317860073824057       0.30230278165021357       0.22205485053415419       0.15190640678837733       0.15190640678837733       0.15190640678837733       0.15190640678837733        9.1832062183043711E-002   9.1832062183043711E-002   9.1832062183043711E-002   9.1832062183043711E-002   4.1450503849683192E-002   4.1450503849683192E-002   4.1450503849683192E-002   4.1450503849683192E-002   4.1450503849683192E-002   4.1450503849683192E-002   4.1450503849683192E-002   4.1450503849683192E-002   4.1450503849683192E-002   4.1450503849683192E-002   4.1450503849683192E-002   4.1450503849683192E-002
  0.70317860073824057       0.30230278165021357       0.22205485053415419       0.15190640678837733       0.15190640678837733       0.15190640678837733       0.15190640678837733        9.1832062183043711E-002   9.1832062183043711E-002   9.1832062183043711E-002   9.1832062183043711E-002   4.1450503849683192E-002   4.1450503849683192E-002   4.1450503849683192E-002   4.1450503849683192E-002   4.1450503849683192E-002   4.1450503849683192E-002   4.1450503849683192E-002   4.1450503849683192E-002   4.1450503849683192E-002   4.1450503849683192E-002   4.1450503849683192E-002   4.1450503849683192E-002
  0.39544492259387176        8.9885832134645363E-002   6.0333256256129848E-002   3.8381275854318768E-002   3.8381275854318768E-002   3.8381275854318768E-002   3.8381275854318768E-002   2.1889016022886346E-002   2.1889016022886346E-002   2.1889016022886346E-002   2.1889016022886346E-002   9.4322553704125726E-003   9.4322553704125726E-003   9.4322553704125726E-003   9.4322553704125726E-003   9.4322553704125726E-003   9.4322553704125726E-003   9.4322553704125726E-003   9.4322553704125726E-003   9.4322553704125726E-003   9.4322553704125726E-003   9.4322553704125726E-003   9.4322553704125726E-003
