  0.88490159221019593       0.86413370253622201       0.86413370253622201       0.86413370253622201       0.85932862433543944       0.84666255316937011       0.83815515941114582       0.82753830242546089       0.81403175875583067       0.79641643482410074       0.77282187960078552       0.77282187960078552       0.77282187960078552       0.77282187960078552       0.77282187960078552       0.77282187960078552       0.77282187960078552       0.74013367234835958       0.74013367234835958       0.74013367234835958       0.69296151156638108       0.31754630068837136     
  0.84937409049808343       0.78603187475696190       0.78603187475696190       0.78603187475696190       0.77230949742615784       0.73766299342838682       0.71555742252502252       0.68918784453772053       0.65745172349421122       0.61883417358806247       0.57147526788172520       0.57147526788172520       0.57147526788172520       0.57147526788172520       0.57147526788172520       0.57147526788172520       0.57147526788172520       0.51295384559627832       0.51295384559627832       0.51295384559627832       0.44037571238042644       0.12149766960860227     
  0.82265151130898762       0.73246918064123057       0.73246918064123057       0.73246918064123057       0.71382509324465393       0.66807528041929376       0.63983588376800371       0.60707224461669063       0.56891292105386138       0.52425514143039231       0.47198399558651344       0.47198399558651344       0.47198399558651344       0.47198399558651344       0.47198399558651344       0.47198399558651344       0.47198399558651344       0.41090768687971885       0.41090768687971885       0.41090768687971885       0.34008154750990371        8.1024577446916587E-002
  0.78676958117024898       0.66662012711852792       0.66662012711852792       0.66662012711852792       0.64321691385272817       0.58770706158235697       0.55473919498007263       0.51766271495123106       0.47599114224445471       0.42917247780526269       0.37687287026480687       0.37687287026480687       0.37687287026480687       0.37687287026480687       0.37687287026480687       0.37687287026480687       0.37687287026480687       0.31893326013346257       0.31893326013346257       0.31893326013346257       0.25567304782628714        5.4639678141534059E-002
  0.66802806084883937       0.48788025938740603       0.48788025938740603       0.48788025938740603       0.45842605323296748       0.39437128328943694       0.35975515011530174       0.32350003271270689       0.28577590342465742       0.24677766590969408       0.20693589983411836       0.20693589983411836       0.20693589983411836       0.20693589983411836       0.20693589983411836       0.20693589983411836       0.20693589983411836       0.16679218016040787       0.16679218016040787       0.16679218016040787       0.12710784534519515        2.3480253364313426E-002
  0.66802806084883937       0.48788025938740603       0.48788025938740603       0.48788025938740603       0.45842605323296748       0.39437128328943694       0.35975515011530174       0.32350003271270689       0.28577590342465742       0.24677766590969408       0.20693589983411836       0.20693589983411836       0.20693589983411836       0.20693589983411836       0.20693589983411836       0.20693589983411836       0.20693589983411836       0.16679218016040787       0.16679218016040787       0.16679218016040787       0.12710784534519515        2.3480253364313426E-002
  0.66802806084883937       0.48788025938740603       0.48788025938740603       0.48788025938740603       0.45842605323296748       0.39437128328943694       0.35975515011530174       0.32350003271270689       0.28577590342465742       0.24677766590969408       0.20693589983411836       0.20693589983411836       0.20693589983411836       0.20693589983411836       0.20693589983411836       0.20693589983411836       0.20693589983411836       0.16679218016040787       0.16679218016040787       0.16679218016040787       0.12710784534519515        2.3480253364313426E-002
  0.62242836114998568       0.43169326325517948       0.43169326325517948       0.43169326325517948       0.40231972055404547       0.34006708230709659       0.30732040730946841       0.27367267712914256       0.23934668480802718       0.20457412985702156       0.16977513840959532       0.16977513840959532       0.16977513840959532       0.16977513840959532       0.16977513840959532       0.16977513840959532       0.16977513840959532       0.13543159260107127       0.13543159260107127       0.13543159260107127       0.10216905750830979        1.8389622970318525E-002
  0.62242836114998568       0.43169326325517948       0.43169326325517948       0.43169326325517948       0.40231972055404547       0.34006708230709659       0.30732040730946841       0.27367267712914256       0.23934668480802718       0.20457412985702156       0.16977513840959532       0.16977513840959532       0.16977513840959532       0.16977513840959532       0.16977513840959532       0.16977513840959532       0.16977513840959532       0.13543159260107127       0.13543159260107127       0.13543159260107127       0.10216905750830979        1.8389622970318525E-002
  0.56692593765053356       0.37049690830302556       0.37049690830302556       0.37049690830302556       0.34224425420924437       0.28398307481871288       0.25418536006438175       0.22415499100983233       0.19411495518115920       0.16427967908843166       0.13500432364358214       0.13500432364358214       0.13500432364358214       0.13500432364358214       0.13500432364358214       0.13500432364358214       0.13500432364358214       0.10666706509791812       0.10666706509791812       0.10666706509791812        7.9732472233133553E-002   1.4027731921985892E-002
  0.56692593765053356       0.37049690830302556       0.37049690830302556       0.37049690830302556       0.34224425420924437       0.28398307481871288       0.25418536006438175       0.22415499100983233       0.19411495518115920       0.16427967908843166       0.13500432364358214       0.13500432364358214       0.13500432364358214       0.13500432364358214       0.13500432364358214       0.13500432364358214       0.13500432364358214       0.10666706509791812       0.10666706509791812       0.10666706509791812        7.9732472233133553E-002   1.4027731921985892E-002
  0.49870006840792702       0.30431231976054207       0.30431231976054207       0.30431231976054207       0.27845256257424406       0.22663820181690833       0.20089527128340129       0.17545036439853554       0.15048412462797123       0.12615635895386712       0.10272615635477365       0.10272615635477365       0.10272615635477365       0.10272615635477365       0.10272615635477365       0.10272615635477365       0.10272615635477365        8.0451533533018857E-002   8.0451533533018857E-002   8.0451533533018857E-002   5.9639010863081904E-002   1.0284971520687219E-002
  0.49870006840792702       0.30431231976054207       0.30431231976054207       0.30431231976054207       0.27845256257424406       0.22663820181690833       0.20089527128340129       0.17545036439853554       0.15048412462797123       0.12615635895386712       0.10272615635477365       0.10272615635477365       0.10272615635477365       0.10272615635477365       0.10272615635477365       0.10272615635477365       0.10272615635477365        8.0451533533018857E-002   8.0451533533018857E-002   8.0451533533018857E-002   5.9639010863081904E-002   1.0284971520687219E-002
  0.49870006840792702       0.30431231976054207       0.30431231976054207       0.30431231976054207       0.27845256257424406       0.22663820181690833       0.20089527128340129       0.17545036439853554       0.15048412462797123       0.12615635895386712       0.10272615635477365       0.10272615635477365       0.10272615635477365       0.10272615635477365       0.10272615635477365       0.10272615635477365       0.10272615635477365        8.0451533533018857E-002   8.0451533533018857E-002   8.0451533533018857E-002   5.9639010863081904E-002   1.0284971520687219E-002
  0.49870006840792702       0.30431231976054207       0.30431231976054207       0.30431231976054207       0.27845256257424406       0.22663820181690833       0.20089527128340129       0.17545036439853554       0.15048412462797123       0.12615635895386712       0.10272615635477365       0.10272615635477365       0.10272615635477365       0.10272615635477365       0.10272615635477365       0.10272615635477365       0.10272615635477365        8.0451533533018857E-002   8.0451533533018857E-002   8.0451533533018857E-002   5.9639010863081904E-002   1.0284971520687219E-002
  0.49870006840792702       0.30431231976054207       0.30431231976054207       0.30431231976054207       0.27845256257424406       0.22663820181690833       0.20089527128340129       0.17545036439853554       0.15048412462797123       0.12615635895386712       0.10272615635477365       0.10272615635477365       0.10272615635477365       0.10272615635477365       0.10272615635477365       0.10272615635477365       0.10272615635477365        8.0451533533018857E-002   8.0451533533018857E-002   8.0451533533018857E-002   5.9639010863081904E-002   1.0284971520687219E-002
  0.49870006840792702       0.30431231976054207       0.30431231976054207       0.30431231976054207       0.27845256257424406       0.22663820181690833       0.20089527128340129       0.17545036439853554       0.15048412462797123       0.12615635895386712       0.10272615635477365       0.10272615635477365       0.10272615635477365       0.10272615635477365       0.10272615635477365       0.10272615635477365       0.10272615635477365        8.0451533533018857E-002   8.0451533533018857E-002   8.0451533533018857E-002   5.9639010863081904E-002   1.0284971520687219E-002
  0.41396192395223552       0.23339408317318761       0.23339408317318761       0.23339408317318761       0.21142187724804495       0.16869523251844040       0.14808640065397580       0.12810450391775713       0.10886322094609024        9.0452020763532898E-002   7.3027178336891499E-002   7.3027178336891499E-002   7.3027178336891499E-002   7.3027178336891499E-002   7.3027178336891499E-002   7.3027178336891499E-002   7.3027178336891499E-002   5.6734077387847574E-002   5.6734077387847574E-002   5.6734077387847574E-002   4.1744649702390169E-002   7.0743609787328500E-003
  0.41396192395223552       0.23339408317318761       0.23339408317318761       0.23339408317318761       0.21142187724804495       0.16869523251844040       0.14808640065397580       0.12810450391775713       0.10886322094609024        9.0452020763532898E-002   7.3027178336891499E-002   7.3027178336891499E-002   7.3027178336891499E-002   7.3027178336891499E-002   7.3027178336891499E-002   7.3027178336891499E-002   7.3027178336891499E-002   5.6734077387847574E-002   5.6734077387847574E-002   5.6734077387847574E-002   4.1744649702390169E-002   7.0743609787328500E-003
  0.41396192395223552       0.23339408317318761       0.23339408317318761       0.23339408317318761       0.21142187724804495       0.16869523251844040       0.14808640065397580       0.12810450391775713       0.10886322094609024        9.0452020763532898E-002   7.3027178336891499E-002   7.3027178336891499E-002   7.3027178336891499E-002   7.3027178336891499E-002   7.3027178336891499E-002   7.3027178336891499E-002   7.3027178336891499E-002   5.6734077387847574E-002   5.6734077387847574E-002   5.6734077387847574E-002   4.1744649702390169E-002   7.0743609787328500E-003
  0.41396192395223552       0.23339408317318761       0.23339408317318761       0.23339408317318761       0.21142187724804495       0.16869523251844040       0.14808640065397580       0.12810450391775713       0.10886322094609024        9.0452020763532898E-002   7.3027178336891499E-002   7.3027178336891499E-002   7.3027178336891499E-002   7.3027178336891499E-002   7.3027178336891499E-002   7.3027178336891499E-002   7.3027178336891499E-002   5.6734077387847574E-002   5.6734077387847574E-002   5.6734077387847574E-002   4.1744649702390169E-002   7.0743609787328500E-003
  0.41396192395223552       0.23339408317318761       0.23339408317318761       0.23339408317318761       0.21142187724804495       0.16869523251844040       0.14808640065397580       0.12810450391775713       0.10886322094609024        9.0452020763532898E-002   7.3027178336891499E-002   7.3027178336891499E-002   7.3027178336891499E-002   7.3027178336891499E-002   7.3027178336891499E-002   7.3027178336891499E-002   7.3027178336891499E-002   5.6734077387847574E-002   5.6734077387847574E-002   5.6734077387847574E-002   4.1744649702390169E-002   7.0743609787328500E-003
  0.41396192395223552       0.23339408317318761       0.23339408317318761       0.23339408317318761       0.21142187724804495       0.16869523251844040       0.14808640065397580       0.12810450391775713       0.10886322094609024        9.0452020763532898E-002   7.3027178336891499E-002   7.3027178336891499E-002   7.3027178336891499E-002   7.3027178336891499E-002   7.3027178336891499E-002   7.3027178336891499E-002   7.3027178336891499E-002   5.6734077387847574E-002   5.6734077387847574E-002   5.6734077387847574E-002   4.1744649702390169E-002   7.0743609787328500E-003
  0.41396192395223552       0.23339408317318761       0.23339408317318761       0.23339408317318761       0.21142187724804495       0.16869523251844040       0.14808640065397580       0.12810450391775713       0.10886322094609024        9.0452020763532898E-002   7.3027178336891499E-002   7.3027178336891499E-002   7.3027178336891499E-002   7.3027178336891499E-002   7.3027178336891499E-002   7.3027178336891499E-002   7.3027178336891499E-002   5.6734077387847574E-002   5.6734077387847574E-002   5.6734077387847574E-002   4.1744649702390169E-002   7.0743609787328500E-003
  0.30758960149844361       0.15830808504001448       0.15830808504001448       0.15830808504001448       0.14189991112012956       0.11095906984877170        9.6473158015258895E-002   8.2689755765238238E-002   6.9654224442585067E-002   5.7393086419284714E-002   4.5975100548978361E-002   4.5975100548978361E-002   4.5975100548978361E-002   4.5975100548978361E-002   4.5975100548978361E-002   4.5975100548978361E-002   4.5975100548978361E-002   3.5458798496583413E-002   3.5458798496583413E-002   3.5458798496583413E-002   2.5917644388875422E-002   4.3259431638694662E-003
  0.30758960149844361       0.15830808504001448       0.15830808504001448       0.15830808504001448       0.14189991112012956       0.11095906984877170        9.6473158015258895E-002   8.2689755765238238E-002   6.9654224442585067E-002   5.7393086419284714E-002   4.5975100548978361E-002   4.5975100548978361E-002   4.5975100548978361E-002   4.5975100548978361E-002   4.5975100548978361E-002   4.5975100548978361E-002   4.5975100548978361E-002   3.5458798496583413E-002   3.5458798496583413E-002   3.5458798496583413E-002   2.5917644388875422E-002   4.3259431638694662E-003
  0.30758960149844361       0.15830808504001448       0.15830808504001448       0.15830808504001448       0.14189991112012956       0.11095906984877170        9.6473158015258895E-002   8.2689755765238238E-002   6.9654224442585067E-002   5.7393086419284714E-002   4.5975100548978361E-002   4.5975100548978361E-002   4.5975100548978361E-002   4.5975100548978361E-002   4.5975100548978361E-002   4.5975100548978361E-002   4.5975100548978361E-002   3.5458798496583413E-002   3.5458798496583413E-002   3.5458798496583413E-002   2.5917644388875422E-002   4.3259431638694662E-003
  0.30758960149844361       0.15830808504001448       0.15830808504001448       0.15830808504001448       0.14189991112012956       0.11095906984877170        9.6473158015258895E-002   8.2689755765238238E-002   6.9654224442585067E-002   5.7393086419284714E-002   4.5975100548978361E-002   4.5975100548978361E-002   4.5975100548978361E-002   4.5975100548978361E-002   4.5975100548978361E-002   4.5975100548978361E-002   4.5975100548978361E-002   3.5458798496583413E-002   3.5458798496583413E-002   3.5458798496583413E-002   2.5917644388875422E-002   4.3259431638694662E-003
  0.30758960149844361       0.15830808504001448       0.15830808504001448       0.15830808504001448       0.14189991112012956       0.11095906984877170        9.6473158015258895E-002   8.2689755765238238E-002   6.9654224442585067E-002   5.7393086419284714E-002   4.5975100548978361E-002   4.5975100548978361E-002   4.5975100548978361E-002   4.5975100548978361E-002   4.5975100548978361E-002   4.5975100548978361E-002   4.5975100548978361E-002   3.5458798496583413E-002   3.5458798496583413E-002   3.5458798496583413E-002   2.5917644388875422E-002   4.3259431638694662E-003
  0.30758960149844361       0.15830808504001448       0.15830808504001448       0.15830808504001448       0.14189991112012956       0.11095906984877170        9.6473158015258895E-002   8.2689755765238238E-002   6.9654224442585067E-002   5.7393086419284714E-002   4.5975100548978361E-002   4.5975100548978361E-002   4.5975100548978361E-002   4.5975100548978361E-002   4.5975100548978361E-002   4.5975100548978361E-002   4.5975100548978361E-002   3.5458798496583413E-002   3.5458798496583413E-002   3.5458798496583413E-002   2.5917644388875422E-002   4.3259431638694662E-003
  0.30758960149844361       0.15830808504001448       0.15830808504001448       0.15830808504001448       0.14189991112012956       0.11095906984877170        9.6473158015258895E-002   8.2689755765238238E-002   6.9654224442585067E-002   5.7393086419284714E-002   4.5975100548978361E-002   4.5975100548978361E-002   4.5975100548978361E-002   4.5975100548978361E-002   4.5975100548978361E-002   4.5975100548978361E-002   4.5975100548978361E-002   3.5458798496583413E-002   3.5458798496583413E-002   3.5458798496583413E-002   2.5917644388875422E-002   4.3259431638694662E-003
  0.30758960149844361       0.15830808504001448       0.15830808504001448       0.15830808504001448       0.14189991112012956       0.11095906984877170        9.6473158015258895E-002   8.2689755765238238E-002   6.9654224442585067E-002   5.7393086419284714E-002   4.5975100548978361E-002   4.5975100548978361E-002   4.5975100548978361E-002   4.5975100548978361E-002   4.5975100548978361E-002   4.5975100548978361E-002   4.5975100548978361E-002   3.5458798496583413E-002   3.5458798496583413E-002   3.5458798496583413E-002   2.5917644388875422E-002   4.3259431638694662E-003
  0.30758960149844361       0.15830808504001448       0.15830808504001448       0.15830808504001448       0.14189991112012956       0.11095906984877170        9.6473158015258895E-002   8.2689755765238238E-002   6.9654224442585067E-002   5.7393086419284714E-002   4.5975100548978361E-002   4.5975100548978361E-002   4.5975100548978361E-002   4.5975100548978361E-002   4.5975100548978361E-002   4.5975100548978361E-002   4.5975100548978361E-002   3.5458798496583413E-002   3.5458798496583413E-002   3.5458798496583413E-002   2.5917644388875422E-002   4.3259431638694662E-003
  0.30758960149844361       0.15830808504001448       0.15830808504001448       0.15830808504001448       0.14189991112012956       0.11095906984877170        9.6473158015258895E-002   8.2689755765238238E-002   6.9654224442585067E-002   5.7393086419284714E-002   4.5975100548978361E-002   4.5975100548978361E-002   4.5975100548978361E-002   4.5975100548978361E-002   4.5975100548978361E-002   4.5975100548978361E-002   4.5975100548978361E-002   3.5458798496583413E-002   3.5458798496583413E-002   3.5458798496583413E-002   2.5917644388875422E-002   4.3259431638694662E-003
  0.17263513751172604        8.0005256380323839E-002   8.0005256380323839E-002   8.0005256380323839E-002   7.0936729407903465E-002   5.4359676666143011E-002   4.6824422739757288E-002   3.9783276944886946E-002   3.3236625746550348E-002   2.7176219113273462E-002   2.1615472684793184E-002   2.1615472684793184E-002   2.1615472684793184E-002   2.1615472684793184E-002   2.1615472684793184E-002   2.1615472684793184E-002   2.1615472684793184E-002   1.6563105090456682E-002   1.6563105090456682E-002   1.6563105090456682E-002   1.2035569473097080E-002   1.9826379780975836E-003
  0.17263513751172604        8.0005256380323839E-002   8.0005256380323839E-002   8.0005256380323839E-002   7.0936729407903465E-002   5.4359676666143011E-002   4.6824422739757288E-002   3.9783276944886946E-002   3.3236625746550348E-002   2.7176219113273462E-002   2.1615472684793184E-002   2.1615472684793184E-002   2.1615472684793184E-002   2.1615472684793184E-002   2.1615472684793184E-002   2.1615472684793184E-002   2.1615472684793184E-002   1.6563105090456682E-002   1.6563105090456682E-002   1.6563105090456682E-002   1.2035569473097080E-002   1.9826379780975836E-003
  0.17263513751172604        8.0005256380323839E-002   8.0005256380323839E-002   8.0005256380323839E-002   7.0936729407903465E-002   5.4359676666143011E-002   4.6824422739757288E-002   3.9783276944886946E-002   3.3236625746550348E-002   2.7176219113273462E-002   2.1615472684793184E-002   2.1615472684793184E-002   2.1615472684793184E-002   2.1615472684793184E-002   2.1615472684793184E-002   2.1615472684793184E-002   2.1615472684793184E-002   1.6563105090456682E-002   1.6563105090456682E-002   1.6563105090456682E-002   1.2035569473097080E-002   1.9826379780975836E-003
  0.17263513751172604        8.0005256380323839E-002   8.0005256380323839E-002   8.0005256380323839E-002   7.0936729407903465E-002   5.4359676666143011E-002   4.6824422739757288E-002   3.9783276944886946E-002   3.3236625746550348E-002   2.7176219113273462E-002   2.1615472684793184E-002   2.1615472684793184E-002   2.1615472684793184E-002   2.1615472684793184E-002   2.1615472684793184E-002   2.1615472684793184E-002   2.1615472684793184E-002   1.6563105090456682E-002   1.6563105090456682E-002   1.6563105090456682E-002   1.2035569473097080E-002   1.9826379780975836E-003
  0.17263513751172604        8.0005256380323839E-002   8.0005256380323839E-002   8.0005256380323839E-002   7.0936729407903465E-002   5.4359676666143011E-002   4.6824422739757288E-002   3.9783276944886946E-002   3.3236625746550348E-002   2.7176219113273462E-002   2.1615472684793184E-002   2.1615472684793184E-002   2.1615472684793184E-002   2.1615472684793184E-002   2.1615472684793184E-002   2.1615472684793184E-002   2.1615472684793184E-002   1.6563105090456682E-002   1.6563105090456682E-002   1.6563105090456682E-002   1.2035569473097080E-002   1.9826379780975836E-003
  0.17263513751172604        8.0005256380323839E-002   8.0005256380323839E-002   8.0005256380323839E-002   7.0936729407903465E-002   5.4359676666143011E-002   4.6824422739757288E-002   3.9783276944886946E-002   3.3236625746550348E-002   2.7176219113273462E-002   2.1615472684793184E-002   2.1615472684793184E-002   2.1615472684793184E-002   2.1615472684793184E-002   2.1615472684793184E-002   2.1615472684793184E-002   2.1615472684793184E-002   1.6563105090456682E-002   1.6563105090456682E-002   1.6563105090456682E-002   1.2035569473097080E-002   1.9826379780975836E-003
  0.17263513751172604        8.0005256380323839E-002   8.0005256380323839E-002   8.0005256380323839E-002   7.0936729407903465E-002   5.4359676666143011E-002   4.6824422739757288E-002   3.9783276944886946E-002   3.3236625746550348E-002   2.7176219113273462E-002   2.1615472684793184E-002   2.1615472684793184E-002   2.1615472684793184E-002   2.1615472684793184E-002   2.1615472684793184E-002   2.1615472684793184E-002   2.1615472684793184E-002   1.6563105090456682E-002   1.6563105090456682E-002   1.6563105090456682E-002   1.2035569473097080E-002   1.9826379780975836E-003
  0.17263513751172604        8.0005256380323839E-002   8.0005256380323839E-002   8.0005256380323839E-002   7.0936729407903465E-002   5.4359676666143011E-002   4.6824422739757288E-002   3.9783276944886946E-002   3.3236625746550348E-002   2.7176219113273462E-002   2.1615472684793184E-002   2.1615472684793184E-002   2.1615472684793184E-002   2.1615472684793184E-002   2.1615472684793184E-002   2.1615472684793184E-002   2.1615472684793184E-002   1.6563105090456682E-002   1.6563105090456682E-002   1.6563105090456682E-002   1.2035569473097080E-002   1.9826379780975836E-003
  0.17263513751172604        8.0005256380323839E-002   8.0005256380323839E-002   8.0005256380323839E-002   7.0936729407903465E-002   5.4359676666143011E-002   4.6824422739757288E-002   3.9783276944886946E-002   3.3236625746550348E-002   2.7176219113273462E-002   2.1615472684793184E-002   2.1615472684793184E-002   2.1615472684793184E-002   2.1615472684793184E-002   2.1615472684793184E-002   2.1615472684793184E-002   2.1615472684793184E-002   1.6563105090456682E-002   1.6563105090456682E-002   1.6563105090456682E-002   1.2035569473097080E-002   1.9826379780975836E-003
  0.17263513751172604        8.0005256380323839E-002   8.0005256380323839E-002   8.0005256380323839E-002   7.0936729407903465E-002   5.4359676666143011E-002   4.6824422739757288E-002   3.9783276944886946E-002   3.3236625746550348E-002   2.7176219113273462E-002   2.1615472684793184E-002   2.1615472684793184E-002   2.1615472684793184E-002   2.1615472684793184E-002   2.1615472684793184E-002   2.1615472684793184E-002   2.1615472684793184E-002   1.6563105090456682E-002   1.6563105090456682E-002   1.6563105090456682E-002   1.2035569473097080E-002   1.9826379780975836E-003
  0.17263513751172604        8.0005256380323839E-002   8.0005256380323839E-002   8.0005256380323839E-002   7.0936729407903465E-002   5.4359676666143011E-002   4.6824422739757288E-002   3.9783276944886946E-002   3.3236625746550348E-002   2.7176219113273462E-002   2.1615472684793184E-002   2.1615472684793184E-002   2.1615472684793184E-002   2.1615472684793184E-002   2.1615472684793184E-002   2.1615472684793184E-002   2.1615472684793184E-002   1.6563105090456682E-002   1.6563105090456682E-002   1.6563105090456682E-002   1.2035569473097080E-002   1.9826379780975836E-003
  0.17263513751172604        8.0005256380323839E-002   8.0005256380323839E-002   8.0005256380323839E-002   7.0936729407903465E-002   5.4359676666143011E-002   4.6824422739757288E-002   3.9783276944886946E-002   3.3236625746550348E-002   2.7176219113273462E-002   2.1615472684793184E-002   2.1615472684793184E-002   2.1615472684793184E-002   2.1615472684793184E-002   2.1615472684793184E-002   2.1615472684793184E-002   2.1615472684793184E-002   1.6563105090456682E-002   1.6563105090456682E-002   1.6563105090456682E-002   1.2035569473097080E-002   1.9826379780975836E-003
  0.17263513751172604        8.0005256380323839E-002   8.0005256380323839E-002   8.0005256380323839E-002   7.0936729407903465E-002   5.4359676666143011E-002   4.6824422739757288E-002   3.9783276944886946E-002   3.3236625746550348E-002   2.7176219113273462E-002   2.1615472684793184E-002   2.1615472684793184E-002   2.1615472684793184E-002   2.1615472684793184E-002   2.1615472684793184E-002   2.1615472684793184E-002   2.1615472684793184E-002   1.6563105090456682E-002   1.6563105090456682E-002   1.6563105090456682E-002   1.2035569473097080E-002   1.9826379780975836E-003
  0.17263513751172604        8.0005256380323839E-002   8.0005256380323839E-002   8.0005256380323839E-002   7.0936729407903465E-002   5.4359676666143011E-002   4.6824422739757288E-002   3.9783276944886946E-002   3.3236625746550348E-002   2.7176219113273462E-002   2.1615472684793184E-002   2.1615472684793184E-002   2.1615472684793184E-002   2.1615472684793184E-002   2.1615472684793184E-002   2.1615472684793184E-002   2.1615472684793184E-002   1.6563105090456682E-002   1.6563105090456682E-002   1.6563105090456682E-002   1.2035569473097080E-002   1.9826379780975836E-003
  0.17263513751172604        8.0005256380323839E-002   8.0005256380323839E-002   8.0005256380323839E-002   7.0936729407903465E-002   5.4359676666143011E-002   4.6824422739757288E-002   3.9783276944886946E-002   3.3236625746550348E-002   2.7176219113273462E-002   2.1615472684793184E-002   2.1615472684793184E-002   2.1615472684793184E-002   2.1615472684793184E-002   2.1615472684793184E-002   2.1615472684793184E-002   2.1615472684793184E-002   1.6563105090456682E-002   1.6563105090456682E-002   1.6563105090456682E-002   1.2035569473097080E-002   1.9826379780975836E-003
  0.17263513751172604        8.0005256380323839E-002   8.0005256380323839E-002   8.0005256380323839E-002   7.0936729407903465E-002   5.4359676666143011E-002   4.6824422739757288E-002   3.9783276944886946E-002   3.3236625746550348E-002   2.7176219113273462E-002   2.1615472684793184E-002   2.1615472684793184E-002   2.1615472684793184E-002   2.1615472684793184E-002   2.1615472684793184E-002   2.1615472684793184E-002   2.1615472684793184E-002   1.6563105090456682E-002   1.6563105090456682E-002   1.6563105090456682E-002   1.2035569473097080E-002   1.9826379780975836E-003
  0.17263513751172604        8.0005256380323839E-002   8.0005256380323839E-002   8.0005256380323839E-002   7.0936729407903465E-002   5.4359676666143011E-002   4.6824422739757288E-002   3.9783276944886946E-002   3.3236625746550348E-002   2.7176219113273462E-002   2.1615472684793184E-002   2.1615472684793184E-002   2.1615472684793184E-002   2.1615472684793184E-002   2.1615472684793184E-002   2.1615472684793184E-002   2.1615472684793184E-002   1.6563105090456682E-002   1.6563105090456682E-002   1.6563105090456682E-002   1.2035569473097080E-002   1.9826379780975836E-003
  0.17263513751172604        8.0005256380323839E-002   8.0005256380323839E-002   8.0005256380323839E-002   7.0936729407903465E-002   5.4359676666143011E-002   4.6824422739757288E-002   3.9783276944886946E-002   3.3236625746550348E-002   2.7176219113273462E-002   2.1615472684793184E-002   2.1615472684793184E-002   2.1615472684793184E-002   2.1615472684793184E-002   2.1615472684793184E-002   2.1615472684793184E-002   2.1615472684793184E-002   1.6563105090456682E-002   1.6563105090456682E-002   1.6563105090456682E-002   1.2035569473097080E-002   1.9826379780975836E-003
