  0.97920403084272123       0.95310302697236449       0.92969211990336076       0.89370052622602580       0.89370052622602580       0.83718330835171839       0.74660531273436737       0.74660531273436737       0.59990488758690197       0.59990488758690197       0.36409695131846237       0.36409695131846237       0.36409695131846237       0.36409695131846237       0.36409695131846237     
  0.95554048403040370       0.90269084704941749       0.85786711584775655       0.79328273343232425       0.79328273343232425       0.70122443174910565       0.57353914809441464       0.57353914809441464       0.40631650339633663       0.40631650339633663       0.20719635892829094       0.20719635892829094       0.20719635892829094       0.20719635892829094       0.20719635892829094     
  0.93575709294864340       0.86276808462393650       0.80355661098023790       0.72228294839493523       0.72228294839493523       0.61399152534657053       0.47683961437179634       0.47683961437179634       0.31686267446829114       0.31686267446829114       0.15046966447011453       0.15046966447011453       0.15046966447011453       0.15046966447011453       0.15046966447011453     
  0.86531150359611908       0.73495582518232261       0.64339121464049298       0.53425984513057112       0.53425984513057112       0.41230665800318406       0.28674051447847393       0.28674051447847393       0.16983640039370548       0.16983640039370548        7.2461300043081323E-002   7.2461300043081323E-002   7.2461300043081323E-002   7.2461300043081323E-002   7.2461300043081323E-002
  0.86531150359611908       0.73495582518232261       0.64339121464049298       0.53425984513057112       0.53425984513057112       0.41230665800318406       0.28674051447847393       0.28674051447847393       0.16983640039370548       0.16983640039370548        7.2461300043081323E-002   7.2461300043081323E-002   7.2461300043081323E-002   7.2461300043081323E-002   7.2461300043081323E-002
  0.70934769500798156       0.51299884259945849       0.40665926505848138       0.30350714549790608       0.30350714549790608       0.21042845958180825       0.13248372824235544       0.13248372824235544        7.2111769051909941E-002   7.2111769051909941E-002   2.8821497643448827E-002   2.8821497643448827E-002   2.8821497643448827E-002   2.8821497643448827E-002   2.8821497643448827E-002
  0.70934769500798156       0.51299884259945849       0.40665926505848138       0.30350714549790608       0.30350714549790608       0.21042845958180825       0.13248372824235544       0.13248372824235544        7.2111769051909941E-002   7.2111769051909941E-002   2.8821497643448827E-002   2.8821497643448827E-002   2.8821497643448827E-002   2.8821497643448827E-002   2.8821497643448827E-002
  0.70934769500798156       0.51299884259945849       0.40665926505848138       0.30350714549790608       0.30350714549790608       0.21042845958180825       0.13248372824235544       0.13248372824235544        7.2111769051909941E-002   7.2111769051909941E-002   2.8821497643448827E-002   2.8821497643448827E-002   2.8821497643448827E-002   2.8821497643448827E-002   2.8821497643448827E-002
  0.56509358449342462       0.35931222958071862       0.26734189862989732       0.18831290030452499       0.18831290030452499       0.12425899665278660        7.5192642275409588E-002   7.5192642275409588E-002   3.9732147151499524E-002   3.9732147151499524E-002   1.5554227719087349E-002   1.5554227719087349E-002   1.5554227719087349E-002   1.5554227719087349E-002   1.5554227719087349E-002
  0.34114095549025575       0.18266056757595470       0.12694716204169415        8.4626526261172411E-002   8.4626526261172411E-002   5.3515833735489411E-002   3.1382893636460837E-002   3.1382893636460837E-002   1.6220498408958336E-002   1.6220498408958336E-002   6.2567329511052320E-003   6.2567329511052320E-003   6.2567329511052320E-003   6.2567329511052320E-003   6.2567329511052320E-003
  0.34114095549025575       0.18266056757595470       0.12694716204169415        8.4626526261172411E-002   8.4626526261172411E-002   5.3515833735489411E-002   3.1382893636460837E-002   3.1382893636460837E-002   1.6220498408958336E-002   1.6220498408958336E-002   6.2567329511052320E-003   6.2567329511052320E-003   6.2567329511052320E-003   6.2567329511052320E-003   6.2567329511052320E-003
  0.34114095549025575       0.18266056757595470       0.12694716204169415        8.4626526261172411E-002   8.4626526261172411E-002   5.3515833735489411E-002   3.1382893636460837E-002   3.1382893636460837E-002   1.6220498408958336E-002   1.6220498408958336E-002   6.2567329511052320E-003   6.2567329511052320E-003   6.2567329511052320E-003   6.2567329511052320E-003   6.2567329511052320E-003
  0.34114095549025575       0.18266056757595470       0.12694716204169415        8.4626526261172411E-002   8.4626526261172411E-002   5.3515833735489411E-002   3.1382893636460837E-002   3.1382893636460837E-002   1.6220498408958336E-002   1.6220498408958336E-002   6.2567329511052320E-003   6.2567329511052320E-003   6.2567329511052320E-003   6.2567329511052320E-003   6.2567329511052320E-003
  0.34114095549025575       0.18266056757595470       0.12694716204169415        8.4626526261172411E-002   8.4626526261172411E-002   5.3515833735489411E-002   3.1382893636460837E-002   3.1382893636460837E-002   1.6220498408958336E-002   1.6220498408958336E-002   6.2567329511052320E-003   6.2567329511052320E-003   6.2567329511052320E-003   6.2567329511052320E-003   6.2567329511052320E-003
