  0.89850906859358293       0.89688092368339656       0.89412634234200794       0.88934902757440626       0.88934902757440626       0.88934902757440626       0.88053806403293244       0.88053806403293244       0.86235097318109288       0.86235097318109288       0.81488843864900007       0.81488843864900007       0.81488843864900007       0.62238947886905649       0.62238947886905649       0.62238947886905649       0.62238947886905649       0.62238947886905649     
  0.86962982797110056       0.83861905630995803       0.79068254559780915       0.71881849008624288       0.71881849008624288       0.71881849008624288       0.61426146979187424       0.61426146979187424       0.46902952715744262       0.46902952715744262       0.28140791794124720       0.28140791794124720       0.28140791794124720        8.6642352376306978E-002   8.6642352376306978E-002   8.6642352376306978E-002   8.6642352376306978E-002   8.6642352376306978E-002
  0.85667598884282647       0.81375000309932477       0.74986853679907228       0.65934025182038980       0.65934025182038980       0.65934025182038980       0.53775658684023797       0.53775658684023797       0.38616714130000596       0.38616714130000596       0.21514503814656244       0.21514503814656244       0.21514503814656244        6.1668744790462082E-002   6.1668744790462082E-002   6.1668744790462082E-002   6.1668744790462082E-002   6.1668744790462082E-002
  0.85667598884282647       0.81375000309932477       0.74986853679907228       0.65934025182038980       0.65934025182038980       0.65934025182038980       0.53775658684023797       0.53775658684023797       0.38616714130000596       0.38616714130000596       0.21514503814656244       0.21514503814656244       0.21514503814656244        6.1668744790462082E-002   6.1668744790462082E-002   6.1668744790462082E-002   6.1668744790462082E-002   6.1668744790462082E-002
  0.77485440598622568       0.67239729601739895       0.54898264260136009       0.41557493243651178       0.41557493243651178       0.41557493243651178       0.28559768571451871       0.28559768571451871       0.17144741674317215       0.17144741674317215        8.0601731548674949E-002   8.0601731548674949E-002   8.0601731548674949E-002   2.0263691205352881E-002   2.0263691205352881E-002   2.0263691205352881E-002   2.0263691205352881E-002   2.0263691205352881E-002
  0.77485440598622568       0.67239729601739895       0.54898264260136009       0.41557493243651178       0.41557493243651178       0.41557493243651178       0.28559768571451871       0.28559768571451871       0.17144741674317215       0.17144741674317215        8.0601731548674949E-002   8.0601731548674949E-002   8.0601731548674949E-002   2.0263691205352881E-002   2.0263691205352881E-002   2.0263691205352881E-002   2.0263691205352881E-002   2.0263691205352881E-002
  0.71952361768444417       0.58989628363049462       0.45158022987576552       0.32024738804735625       0.32024738804735625       0.32024738804735625       0.20732494001227356       0.20732494001227356       0.11842913929500715       0.11842913929500715        5.3609328284725907E-002   5.3609328284725907E-002   5.3609328284725907E-002   1.3153300990943674E-002   1.3153300990943674E-002   1.3153300990943674E-002   1.3153300990943674E-002   1.3153300990943674E-002
  0.63602807118623361       0.48132559965121363       0.34051316536786286       0.22525576966425681       0.22525576966425681       0.22525576966425681       0.13786331729071905       0.13786331729071905        7.5504423175933824E-002   7.5504423175933824E-002   3.3181170014326834E-002   3.3181170014326834E-002   3.3181170014326834E-002   7.9955270730511039E-003   7.9955270730511039E-003   7.9955270730511039E-003   7.9955270730511039E-003   7.9955270730511039E-003
  0.50709450946329671       0.34300288387215871       0.22127031519730428       0.13652544064562147       0.13652544064562147       0.13652544064562147        7.9501597138913124E-002   7.9501597138913124E-002   4.2083452949200337E-002   4.2083452949200337E-002   1.8083115842444882E-002   1.8083115842444882E-002   1.8083115842444882E-002   4.3005562725850271E-003   4.3005562725850271E-003   4.3005562725850271E-003   4.3005562725850271E-003   4.3005562725850271E-003
  0.30620741479306313       0.17771810686929701       0.10372205742420199        6.0016398812494168E-002   6.0016398812494168E-002   6.0016398812494168E-002   3.3544735657390745E-002   3.3544735657390745E-002   1.7300526016763358E-002   1.7300526016763358E-002   7.3134902979519042E-003   7.3134902979519042E-003   7.3134902979519042E-003   1.7232670782211703E-003   1.7232670782211703E-003   1.7232670782211703E-003   1.7232670782211703E-003   1.7232670782211703E-003
