  0.80574449483754551       0.67948885934912429       0.59419149286522666       0.48910894736900623       0.35935798520937701       0.35935798520937701       0.35935798520937701       0.35935798520937701       0.19879116239209488       0.19879116239209488       0.19879116239209488       0.19879116239209488       0.19879116239209488     
  0.73426720055662353       0.58545631027871370       0.49377772672511194       0.38941266414154974       0.27202704659932136       0.27202704659932136       0.27202704659932136       0.27202704659932136       0.14184163686646892       0.14184163686646892       0.14184163686646892       0.14184163686646892       0.14184163686646892     
  0.63432160593730802       0.46994461208666066       0.37978279867531717       0.28590394179891976       0.19001045103957204       0.19001045103957204       0.19001045103957204       0.19001045103957204        9.4007429317267327E-002   9.4007429317267327E-002   9.4007429317267327E-002   9.4007429317267327E-002   9.4007429317267327E-002
  0.63432160593730802       0.46994461208666066       0.37978279867531717       0.28590394179891976       0.19001045103957204       0.19001045103957204       0.19001045103957204       0.19001045103957204        9.4007429317267327E-002   9.4007429317267327E-002   9.4007429317267327E-002   9.4007429317267327E-002   9.4007429317267327E-002
  0.63432160593730802       0.46994461208666066       0.37978279867531717       0.28590394179891976       0.19001045103957204       0.19001045103957204       0.19001045103957204       0.19001045103957204        9.4007429317267327E-002   9.4007429317267327E-002   9.4007429317267327E-002   9.4007429317267327E-002   9.4007429317267327E-002
  0.63432160593730802       0.46994461208666066       0.37978279867531717       0.28590394179891976       0.19001045103957204       0.19001045103957204       0.19001045103957204       0.19001045103957204        9.4007429317267327E-002   9.4007429317267327E-002   9.4007429317267327E-002   9.4007429317267327E-002   9.4007429317267327E-002
  0.49237587997924442       0.33144265721309335       0.25506644786128757       0.18292386056061599       0.11596143938429762       0.11596143938429762       0.11596143938429762       0.11596143938429762        5.4838774638081893E-002   5.4838774638081893E-002   5.4838774638081893E-002   5.4838774638081893E-002   5.4838774638081893E-002
  0.49237587997924442       0.33144265721309335       0.25506644786128757       0.18292386056061599       0.11596143938429762       0.11596143938429762       0.11596143938429762       0.11596143938429762        5.4838774638081893E-002   5.4838774638081893E-002   5.4838774638081893E-002   5.4838774638081893E-002   5.4838774638081893E-002
  0.49237587997924442       0.33144265721309335       0.25506644786128757       0.18292386056061599       0.11596143938429762       0.11596143938429762       0.11596143938429762       0.11596143938429762        5.4838774638081893E-002   5.4838774638081893E-002   5.4838774638081893E-002   5.4838774638081893E-002   5.4838774638081893E-002
  0.28916055679367819       0.17212617113860726       0.12556695725090322        8.5831570275000393E-002   5.2143250013933828E-002   5.2143250013933828E-002   5.2143250013933828E-002   5.2143250013933828E-002   2.3754927463138752E-002   2.3754927463138752E-002   2.3754927463138752E-002   2.3754927463138752E-002   2.3754927463138752E-002
  0.28916055679367819       0.17212617113860726       0.12556695725090322        8.5831570275000393E-002   5.2143250013933828E-002   5.2143250013933828E-002   5.2143250013933828E-002   5.2143250013933828E-002   2.3754927463138752E-002   2.3754927463138752E-002   2.3754927463138752E-002   2.3754927463138752E-002   2.3754927463138752E-002
  0.28916055679367819       0.17212617113860726       0.12556695725090322        8.5831570275000393E-002   5.2143250013933828E-002   5.2143250013933828E-002   5.2143250013933828E-002   5.2143250013933828E-002   2.3754927463138752E-002   2.3754927463138752E-002   2.3754927463138752E-002   2.3754927463138752E-002   2.3754927463138752E-002
  0.28916055679367819       0.17212617113860726       0.12556695725090322        8.5831570275000393E-002   5.2143250013933828E-002   5.2143250013933828E-002   5.2143250013933828E-002   5.2143250013933828E-002   2.3754927463138752E-002   2.3754927463138752E-002   2.3754927463138752E-002   2.3754927463138752E-002   2.3754927463138752E-002
  0.28916055679367819       0.17212617113860726       0.12556695725090322        8.5831570275000393E-002   5.2143250013933828E-002   5.2143250013933828E-002   5.2143250013933828E-002   5.2143250013933828E-002   2.3754927463138752E-002   2.3754927463138752E-002   2.3754927463138752E-002   2.3754927463138752E-002   2.3754927463138752E-002
