  0.98191993739953876       0.97898414971659886       0.93162549138526352       0.93162549138526352       0.92890665290351571       0.88787138178792180       0.88787138178792180       0.88787138178792180       0.88156917556740222       0.79648846406030938       0.79648846406030938       0.79648846406030938       0.71843281274109294       0.50393092823383023     
  0.76654073928834809       0.73652027281446975       0.45057051236599599       0.45057051236599599       0.43835528979980765       0.32242208757574498       0.32242208757574498       0.32242208757574498       0.30969342545247219       0.18999896141627645       0.18999896141627645       0.18999896141627645       0.17316277298109886        6.5517261480803113E-002
  0.76654073928834809       0.73652027281446975       0.45057051236599599       0.45057051236599599       0.43835528979980765       0.32242208757574498       0.32242208757574498       0.32242208757574498       0.30969342545247219       0.18999896141627645       0.18999896141627645       0.18999896141627645       0.17316277298109886        6.5517261480803113E-002
  0.76654073928834809       0.73652027281446975       0.45057051236599599       0.45057051236599599       0.43835528979980765       0.32242208757574498       0.32242208757574498       0.32242208757574498       0.30969342545247219       0.18999896141627645       0.18999896141627645       0.18999896141627645       0.17316277298109886        6.5517261480803113E-002
  0.76654073928834809       0.73652027281446975       0.45057051236599599       0.45057051236599599       0.43835528979980765       0.32242208757574498       0.32242208757574498       0.32242208757574498       0.30969342545247219       0.18999896141627645       0.18999896141627645       0.18999896141627645       0.17316277298109886        6.5517261480803113E-002
  0.68808207236658858       0.65598758213076680       0.35519554089372329       0.35519554089372329       0.34443542865651355       0.24221390455311445       0.24221390455311445       0.24221390455311445       0.23210854734147260       0.13612104891564483       0.13612104891564483       0.13612104891564483       0.12422115606380602        4.5133985257194364E-002
  0.58197794944812464       0.55033076171291762       0.25793409885670215       0.25793409885670215       0.24940386272222481       0.16783879264669180       0.16783879264669180       0.16783879264669180       0.16055846761291770        9.0440387101598740E-002   9.0440387101598740E-002   9.0440387101598740E-002   8.2651249310790958E-002   2.9050556319674764E-002
  0.58197794944812464       0.55033076171291762       0.25793409885670215       0.25793409885670215       0.24940386272222481       0.16783879264669180       0.16783879264669180       0.16783879264669180       0.16055846761291770        9.0440387101598740E-002   9.0440387101598740E-002   9.0440387101598740E-002   8.2651249310790958E-002   2.9050556319674764E-002
  0.43835764653077602       0.41119726980949634       0.16306331415312128       0.16306331415312128       0.15730892532490476       0.10157294420593757       0.10157294420593757       0.10157294420593757        9.7059829747790566E-002   5.2797894447916827E-002   5.2797894447916827E-002   5.2797894447916827E-002   4.8328090285515914E-002   1.6541018889433528E-002
  0.43835764653077602       0.41119726980949634       0.16306331415312128       0.16306331415312128       0.15730892532490476       0.10157294420593757       0.10157294420593757       0.10157294420593757        9.7059829747790566E-002   5.2797894447916827E-002   5.2797894447916827E-002   5.2797894447916827E-002   4.8328090285515914E-002   1.6541018889433528E-002
  0.31288669397945212       0.30944269911410405       0.15526780543300814       0.15526780543300814       0.15211974924350619       0.12461944797127467       0.12461944797127467       0.12461944797127467       0.11746797807015431        9.7065687334154868E-002   9.7065687334154868E-002   9.7065687334154868E-002   2.0961462071117109E-002   7.0274214497310656E-003
