  0.98766010369944890       0.97378528814930732       0.97378528814930732       0.96930179030632357       0.85220927075429009       0.80756731151114658       0.65045410575288953       0.51167832233699651       0.51167832233699651       0.51167832233699651       0.51167832233699651       0.30427217001785073       0.30427217001785073       0.30427217001785073       0.30427217001785073       0.30427217001785073       0.30427217001785073       0.30427217001785073       0.30427217001785073       0.30427217001785073     
  0.97777521792795041       0.95331137013250289       0.95331137013250289       0.94552211777026951       0.76016889440842617       0.69759063138160959       0.50565144218944080       0.36546837926869996       0.36546837926869996       0.36546837926869996       0.36546837926869996       0.19380625903141618       0.19380625903141618       0.19380625903141618       0.19380625903141618       0.19380625903141618       0.19380625903141618       0.19380625903141618       0.19380625903141618       0.19380625903141618     
  0.95615581071655398       0.91008291539612529       0.91008291539612529       0.89586945635210169       0.61107010043332644       0.53346432668280097       0.33644291220440170       0.22209477245555362       0.22209477245555362       0.22209477245555362       0.22209477245555362       0.10647555680618340       0.10647555680618340       0.10647555680618340       0.10647555680618340       0.10647555680618340       0.10647555680618340       0.10647555680618340       0.10647555680618340       0.10647555680618340     
  0.93489145891342751       0.86952254052130828       0.86952254052130828       0.84995464548206101       0.50847633717704932       0.42951106787263571       0.25028546899937720       0.15823701378835872       0.15823701378835872       0.15823701378835872       0.15823701378835872        7.2752164129903485E-002   7.2752164129903485E-002   7.2752164129903485E-002   7.2752164129903485E-002   7.2752164129903485E-002   7.2752164129903485E-002   7.2752164129903485E-002   7.2752164129903485E-002   7.2752164129903485E-002
  0.93489145891342751       0.86952254052130828       0.86952254052130828       0.84995464548206101       0.50847633717704932       0.42951106787263571       0.25028546899937720       0.15823701378835872       0.15823701378835872       0.15823701378835872       0.15823701378835872        7.2752164129903485E-002   7.2752164129903485E-002   7.2752164129903485E-002   7.2752164129903485E-002   7.2752164129903485E-002   7.2752164129903485E-002   7.2752164129903485E-002   7.2752164129903485E-002   7.2752164129903485E-002
  0.89886488857701929       0.80487466777271832       0.80487466777271832       0.77808581804449384       0.39036203913682044       0.31787700148768189       0.17125064199941475       0.10422813637216034       0.10422813637216034       0.10422813637216034       0.10422813637216034        4.6315269413829865E-002   4.6315269413829865E-002   4.6315269413829865E-002   4.6315269413829865E-002   4.6315269413829865E-002   4.6315269413829865E-002   4.6315269413829865E-002   4.6315269413829865E-002   4.6315269413829865E-002
  0.83685193592054752       0.70419567745644529       0.70419567745644529       0.66926434787382860       0.26983161543176876       0.21194653894214024       0.10654999911018276        6.2926749185576544E-002   6.2926749185576544E-002   6.2926749185576544E-002   6.2926749185576544E-002   2.7263938378422392E-002   2.7263938378422392E-002   2.7263938378422392E-002   2.7263938378422392E-002   2.7263938378422392E-002   2.7263938378422392E-002   2.7263938378422392E-002   2.7263938378422392E-002   2.7263938378422392E-002
  0.73348709927083022       0.56088546069706025       0.56088546069706025       0.52055292259579211       0.16547000149430241       0.12610629373790913        6.0138758226385189E-002   3.4777371313636139E-002   3.4777371313636139E-002   3.4777371313636139E-002   3.4777371313636139E-002   1.4815578578995528E-002   1.4815578578995528E-002   1.4815578578995528E-002   1.4815578578995528E-002   1.4815578578995528E-002   1.4815578578995528E-002   1.4815578578995528E-002   1.4815578578995528E-002   1.4815578578995528E-002
  0.73348709927083022       0.56088546069706025       0.56088546069706025       0.52055292259579211       0.16547000149430241       0.12610629373790913        6.0138758226385189E-002   3.4777371313636139E-002   3.4777371313636139E-002   3.4777371313636139E-002   3.4777371313636139E-002   1.4815578578995528E-002   1.4815578578995528E-002   1.4815578578995528E-002   1.4815578578995528E-002   1.4815578578995528E-002   1.4815578578995528E-002   1.4815578578995528E-002   1.4815578578995528E-002   1.4815578578995528E-002
  0.73348709927083022       0.56088546069706025       0.56088546069706025       0.52055292259579211       0.16547000149430241       0.12610629373790913        6.0138758226385189E-002   3.4777371313636139E-002   3.4777371313636139E-002   3.4777371313636139E-002   3.4777371313636139E-002   1.4815578578995528E-002   1.4815578578995528E-002   1.4815578578995528E-002   1.4815578578995528E-002   1.4815578578995528E-002   1.4815578578995528E-002   1.4815578578995528E-002   1.4815578578995528E-002   1.4815578578995528E-002
  0.73348709927083022       0.56088546069706025       0.56088546069706025       0.52055292259579211       0.16547000149430241       0.12610629373790913        6.0138758226385189E-002   3.4777371313636139E-002   3.4777371313636139E-002   3.4777371313636139E-002   3.4777371313636139E-002   1.4815578578995528E-002   1.4815578578995528E-002   1.4815578578995528E-002   1.4815578578995528E-002   1.4815578578995528E-002   1.4815578578995528E-002   1.4815578578995528E-002   1.4815578578995528E-002   1.4815578578995528E-002
  0.57192842249341902       0.38274636124994654       0.38274636124994654       0.34515479524693599        8.7804411571289154E-002   6.5467195908698525E-002   3.0127048820570636E-002   1.7190544332533624E-002   1.7190544332533624E-002   1.7190544332533624E-002   1.7190544332533624E-002   7.2475810527081247E-003   7.2475810527081247E-003   7.2475810527081247E-003   7.2475810527081247E-003   7.2475810527081247E-003   7.2475810527081247E-003   7.2475810527081247E-003   7.2475810527081247E-003   7.2475810527081247E-003
  0.57192842249341902       0.38274636124994654       0.38274636124994654       0.34515479524693599        8.7804411571289154E-002   6.5467195908698525E-002   3.0127048820570636E-002   1.7190544332533624E-002   1.7190544332533624E-002   1.7190544332533624E-002   1.7190544332533624E-002   7.2475810527081247E-003   7.2475810527081247E-003   7.2475810527081247E-003   7.2475810527081247E-003   7.2475810527081247E-003   7.2475810527081247E-003   7.2475810527081247E-003   7.2475810527081247E-003   7.2475810527081247E-003
  0.57192842249341902       0.38274636124994654       0.38274636124994654       0.34515479524693599        8.7804411571289154E-002   6.5467195908698525E-002   3.0127048820570636E-002   1.7190544332533624E-002   1.7190544332533624E-002   1.7190544332533624E-002   1.7190544332533624E-002   7.2475810527081247E-003   7.2475810527081247E-003   7.2475810527081247E-003   7.2475810527081247E-003   7.2475810527081247E-003   7.2475810527081247E-003   7.2475810527081247E-003   7.2475810527081247E-003   7.2475810527081247E-003
  0.57192842249341902       0.38274636124994654       0.38274636124994654       0.34515479524693599        8.7804411571289154E-002   6.5467195908698525E-002   3.0127048820570636E-002   1.7190544332533624E-002   1.7190544332533624E-002   1.7190544332533624E-002   1.7190544332533624E-002   7.2475810527081247E-003   7.2475810527081247E-003   7.2475810527081247E-003   7.2475810527081247E-003   7.2475810527081247E-003   7.2475810527081247E-003   7.2475810527081247E-003   7.2475810527081247E-003   7.2475810527081247E-003
  0.57192842249341902       0.38274636124994654       0.38274636124994654       0.34515479524693599        8.7804411571289154E-002   6.5467195908698525E-002   3.0127048820570636E-002   1.7190544332533624E-002   1.7190544332533624E-002   1.7190544332533624E-002   1.7190544332533624E-002   7.2475810527081247E-003   7.2475810527081247E-003   7.2475810527081247E-003   7.2475810527081247E-003   7.2475810527081247E-003   7.2475810527081247E-003   7.2475810527081247E-003   7.2475810527081247E-003   7.2475810527081247E-003
  0.57192842249341902       0.38274636124994654       0.38274636124994654       0.34515479524693599        8.7804411571289154E-002   6.5467195908698525E-002   3.0127048820570636E-002   1.7190544332533624E-002   1.7190544332533624E-002   1.7190544332533624E-002   1.7190544332533624E-002   7.2475810527081247E-003   7.2475810527081247E-003   7.2475810527081247E-003   7.2475810527081247E-003   7.2475810527081247E-003   7.2475810527081247E-003   7.2475810527081247E-003   7.2475810527081247E-003   7.2475810527081247E-003
  0.57192842249341902       0.38274636124994654       0.38274636124994654       0.34515479524693599        8.7804411571289154E-002   6.5467195908698525E-002   3.0127048820570636E-002   1.7190544332533624E-002   1.7190544332533624E-002   1.7190544332533624E-002   1.7190544332533624E-002   7.2475810527081247E-003   7.2475810527081247E-003   7.2475810527081247E-003   7.2475810527081247E-003   7.2475810527081247E-003   7.2475810527081247E-003   7.2475810527081247E-003   7.2475810527081247E-003   7.2475810527081247E-003
  0.57192842249341902       0.38274636124994654       0.38274636124994654       0.34515479524693599        8.7804411571289154E-002   6.5467195908698525E-002   3.0127048820570636E-002   1.7190544332533624E-002   1.7190544332533624E-002   1.7190544332533624E-002   1.7190544332533624E-002   7.2475810527081247E-003   7.2475810527081247E-003   7.2475810527081247E-003   7.2475810527081247E-003   7.2475810527081247E-003   7.2475810527081247E-003   7.2475810527081247E-003   7.2475810527081247E-003   7.2475810527081247E-003
  0.57192842249341902       0.38274636124994654       0.38274636124994654       0.34515479524693599        8.7804411571289154E-002   6.5467195908698525E-002   3.0127048820570636E-002   1.7190544332533624E-002   1.7190544332533624E-002   1.7190544332533624E-002   1.7190544332533624E-002   7.2475810527081247E-003   7.2475810527081247E-003   7.2475810527081247E-003   7.2475810527081247E-003   7.2475810527081247E-003   7.2475810527081247E-003   7.2475810527081247E-003   7.2475810527081247E-003   7.2475810527081247E-003
  0.57192842249341902       0.38274636124994654       0.38274636124994654       0.34515479524693599        8.7804411571289154E-002   6.5467195908698525E-002   3.0127048820570636E-002   1.7190544332533624E-002   1.7190544332533624E-002   1.7190544332533624E-002   1.7190544332533624E-002   7.2475810527081247E-003   7.2475810527081247E-003   7.2475810527081247E-003   7.2475810527081247E-003   7.2475810527081247E-003   7.2475810527081247E-003   7.2475810527081247E-003   7.2475810527081247E-003   7.2475810527081247E-003
  0.57192842249341902       0.38274636124994654       0.38274636124994654       0.34515479524693599        8.7804411571289154E-002   6.5467195908698525E-002   3.0127048820570636E-002   1.7190544332533624E-002   1.7190544332533624E-002   1.7190544332533624E-002   1.7190544332533624E-002   7.2475810527081247E-003   7.2475810527081247E-003   7.2475810527081247E-003   7.2475810527081247E-003   7.2475810527081247E-003   7.2475810527081247E-003   7.2475810527081247E-003   7.2475810527081247E-003   7.2475810527081247E-003
  0.57192842249341902       0.38274636124994654       0.38274636124994654       0.34515479524693599        8.7804411571289154E-002   6.5467195908698525E-002   3.0127048820570636E-002   1.7190544332533624E-002   1.7190544332533624E-002   1.7190544332533624E-002   1.7190544332533624E-002   7.2475810527081247E-003   7.2475810527081247E-003   7.2475810527081247E-003   7.2475810527081247E-003   7.2475810527081247E-003   7.2475810527081247E-003   7.2475810527081247E-003   7.2475810527081247E-003   7.2475810527081247E-003
  0.33415668792549347       0.18891505780482976       0.18891505780482976       0.16526367551589863        3.4894422458605086E-002   2.5639048043512247E-002   1.1533379568441957E-002   6.5272326090471929E-003   6.5272326090471929E-003   6.5272326090471929E-003   6.5272326090471929E-003   2.7347374718692517E-003   2.7347374718692517E-003   2.7347374718692517E-003   2.7347374718692517E-003   2.7347374718692517E-003   2.7347374718692517E-003   2.7347374718692517E-003   2.7347374718692517E-003   2.7347374718692517E-003
  0.33415668792549347       0.18891505780482976       0.18891505780482976       0.16526367551589863        3.4894422458605086E-002   2.5639048043512247E-002   1.1533379568441957E-002   6.5272326090471929E-003   6.5272326090471929E-003   6.5272326090471929E-003   6.5272326090471929E-003   2.7347374718692517E-003   2.7347374718692517E-003   2.7347374718692517E-003   2.7347374718692517E-003   2.7347374718692517E-003   2.7347374718692517E-003   2.7347374718692517E-003   2.7347374718692517E-003   2.7347374718692517E-003
  0.33415668792549347       0.18891505780482976       0.18891505780482976       0.16526367551589863        3.4894422458605086E-002   2.5639048043512247E-002   1.1533379568441957E-002   6.5272326090471929E-003   6.5272326090471929E-003   6.5272326090471929E-003   6.5272326090471929E-003   2.7347374718692517E-003   2.7347374718692517E-003   2.7347374718692517E-003   2.7347374718692517E-003   2.7347374718692517E-003   2.7347374718692517E-003   2.7347374718692517E-003   2.7347374718692517E-003   2.7347374718692517E-003
  0.33415668792549347       0.18891505780482976       0.18891505780482976       0.16526367551589863        3.4894422458605086E-002   2.5639048043512247E-002   1.1533379568441957E-002   6.5272326090471929E-003   6.5272326090471929E-003   6.5272326090471929E-003   6.5272326090471929E-003   2.7347374718692517E-003   2.7347374718692517E-003   2.7347374718692517E-003   2.7347374718692517E-003   2.7347374718692517E-003   2.7347374718692517E-003   2.7347374718692517E-003   2.7347374718692517E-003   2.7347374718692517E-003
  0.33415668792549347       0.18891505780482976       0.18891505780482976       0.16526367551589863        3.4894422458605086E-002   2.5639048043512247E-002   1.1533379568441957E-002   6.5272326090471929E-003   6.5272326090471929E-003   6.5272326090471929E-003   6.5272326090471929E-003   2.7347374718692517E-003   2.7347374718692517E-003   2.7347374718692517E-003   2.7347374718692517E-003   2.7347374718692517E-003   2.7347374718692517E-003   2.7347374718692517E-003   2.7347374718692517E-003   2.7347374718692517E-003
  0.33415668792549347       0.18891505780482976       0.18891505780482976       0.16526367551589863        3.4894422458605086E-002   2.5639048043512247E-002   1.1533379568441957E-002   6.5272326090471929E-003   6.5272326090471929E-003   6.5272326090471929E-003   6.5272326090471929E-003   2.7347374718692517E-003   2.7347374718692517E-003   2.7347374718692517E-003   2.7347374718692517E-003   2.7347374718692517E-003   2.7347374718692517E-003   2.7347374718692517E-003   2.7347374718692517E-003   2.7347374718692517E-003
  0.33415668792549347       0.18891505780482976       0.18891505780482976       0.16526367551589863        3.4894422458605086E-002   2.5639048043512247E-002   1.1533379568441957E-002   6.5272326090471929E-003   6.5272326090471929E-003   6.5272326090471929E-003   6.5272326090471929E-003   2.7347374718692517E-003   2.7347374718692517E-003   2.7347374718692517E-003   2.7347374718692517E-003   2.7347374718692517E-003   2.7347374718692517E-003   2.7347374718692517E-003   2.7347374718692517E-003   2.7347374718692517E-003
  0.33415668792549347       0.18891505780482976       0.18891505780482976       0.16526367551589863        3.4894422458605086E-002   2.5639048043512247E-002   1.1533379568441957E-002   6.5272326090471929E-003   6.5272326090471929E-003   6.5272326090471929E-003   6.5272326090471929E-003   2.7347374718692517E-003   2.7347374718692517E-003   2.7347374718692517E-003   2.7347374718692517E-003   2.7347374718692517E-003   2.7347374718692517E-003   2.7347374718692517E-003   2.7347374718692517E-003   2.7347374718692517E-003
  0.33415668792549347       0.18891505780482976       0.18891505780482976       0.16526367551589863        3.4894422458605086E-002   2.5639048043512247E-002   1.1533379568441957E-002   6.5272326090471929E-003   6.5272326090471929E-003   6.5272326090471929E-003   6.5272326090471929E-003   2.7347374718692517E-003   2.7347374718692517E-003   2.7347374718692517E-003   2.7347374718692517E-003   2.7347374718692517E-003   2.7347374718692517E-003   2.7347374718692517E-003   2.7347374718692517E-003   2.7347374718692517E-003
  0.33415668792549347       0.18891505780482976       0.18891505780482976       0.16526367551589863        3.4894422458605086E-002   2.5639048043512247E-002   1.1533379568441957E-002   6.5272326090471929E-003   6.5272326090471929E-003   6.5272326090471929E-003   6.5272326090471929E-003   2.7347374718692517E-003   2.7347374718692517E-003   2.7347374718692517E-003   2.7347374718692517E-003   2.7347374718692517E-003   2.7347374718692517E-003   2.7347374718692517E-003   2.7347374718692517E-003   2.7347374718692517E-003
  0.33415668792549347       0.18891505780482976       0.18891505780482976       0.16526367551589863        3.4894422458605086E-002   2.5639048043512247E-002   1.1533379568441957E-002   6.5272326090471929E-003   6.5272326090471929E-003   6.5272326090471929E-003   6.5272326090471929E-003   2.7347374718692517E-003   2.7347374718692517E-003   2.7347374718692517E-003   2.7347374718692517E-003   2.7347374718692517E-003   2.7347374718692517E-003   2.7347374718692517E-003   2.7347374718692517E-003   2.7347374718692517E-003
