  0.96445704075460736       0.91070299721118819       0.91070299721118819       0.88461623542262879       0.84784805876693614       0.71050577529258674       0.71050577529258674       0.57623529114791261       0.35486640878801351       0.35486640878801351       0.35486640878801351       0.35486640878801351       0.35486640878801351       0.35486640878801351       0.35486640878801351     
  0.92761687961190342       0.82807869658152811       0.82807869658152811       0.78359026295433531       0.72464970097628467       0.53684911415860537       0.53684911415860537       0.39106450508161078       0.20621496331283981       0.20621496331283981       0.20621496331283981       0.20621496331283981       0.20621496331283981       0.20621496331283981       0.20621496331283981     
  0.78404171082657037       0.57708116706222701       0.57708116706222701       0.50636066506195543       0.42711678389072733       0.24719951182840527       0.24719951182840527       0.15392943395141595        6.8551078881181643E-002   6.8551078881181643E-002   6.8551078881181643E-002   6.8551078881181643E-002   6.8551078881181643E-002   6.8551078881181643E-002   6.8551078881181643E-002
  0.68544426777277945       0.45024808465170529       0.45024808465170529       0.38106577582068341       0.30915014410767055       0.16464356702779259       0.16464356702779259        9.8448858056330232E-002   4.2304626581185702E-002   4.2304626581185702E-002   4.2304626581185702E-002   4.2304626581185702E-002   4.2304626581185702E-002   4.2304626581185702E-002   4.2304626581185702E-002
  0.68544426777277945       0.45024808465170529       0.45024808465170529       0.38106577582068341       0.30915014410767055       0.16464356702779259       0.16464356702779259        9.8448858056330232E-002   4.2304626581185702E-002   4.2304626581185702E-002   4.2304626581185702E-002   4.2304626581185702E-002   4.2304626581185702E-002   4.2304626581185702E-002   4.2304626581185702E-002
  0.68544426777277945       0.45024808465170529       0.45024808465170529       0.38106577582068341       0.30915014410767055       0.16464356702779259       0.16464356702779259        9.8448858056330232E-002   4.2304626581185702E-002   4.2304626581185702E-002   4.2304626581185702E-002   4.2304626581185702E-002   4.2304626581185702E-002   4.2304626581185702E-002   4.2304626581185702E-002
  0.68544426777277945       0.45024808465170529       0.45024808465170529       0.38106577582068341       0.30915014410767055       0.16464356702779259       0.16464356702779259        9.8448858056330232E-002   4.2304626581185702E-002   4.2304626581185702E-002   4.2304626581185702E-002   4.2304626581185702E-002   4.2304626581185702E-002   4.2304626581185702E-002   4.2304626581185702E-002
  0.53896943924199148       0.30525873463312403       0.30525873463312403       0.24829276628628644       0.19359670360596531        9.5626978834549181E-002   9.5626978834549181E-002   5.5341994202596459E-002   2.3149856506899640E-002   2.3149856506899640E-002   2.3149856506899640E-002   2.3149856506899640E-002   2.3149856506899640E-002   2.3149856506899640E-002   2.3149856506899640E-002
  0.53896943924199148       0.30525873463312403       0.30525873463312403       0.24829276628628644       0.19359670360596531        9.5626978834549181E-002   9.5626978834549181E-002   5.5341994202596459E-002   2.3149856506899640E-002   2.3149856506899640E-002   2.3149856506899640E-002   2.3149856506899640E-002   2.3149856506899640E-002   2.3149856506899640E-002   2.3149856506899640E-002
  0.53896943924199148       0.30525873463312403       0.30525873463312403       0.24829276628628644       0.19359670360596531        9.5626978834549181E-002   9.5626978834549181E-002   5.5341994202596459E-002   2.3149856506899640E-002   2.3149856506899640E-002   2.3149856506899640E-002   2.3149856506899640E-002   2.3149856506899640E-002   2.3149856506899640E-002   2.3149856506899640E-002
  0.53896943924199148       0.30525873463312403       0.30525873463312403       0.24829276628628644       0.19359670360596531        9.5626978834549181E-002   9.5626978834549181E-002   5.5341994202596459E-002   2.3149856506899640E-002   2.3149856506899640E-002   2.3149856506899640E-002   2.3149856506899640E-002   2.3149856506899640E-002   2.3149856506899640E-002   2.3149856506899640E-002
  0.53896943924199148       0.30525873463312403       0.30525873463312403       0.24829276628628644       0.19359670360596531        9.5626978834549181E-002   9.5626978834549181E-002   5.5341994202596459E-002   2.3149856506899640E-002   2.3149856506899640E-002   2.3149856506899640E-002   2.3149856506899640E-002   2.3149856506899640E-002   2.3149856506899640E-002   2.3149856506899640E-002
  0.32080796764728947       0.15076219719056191       0.15076219719056191       0.11774144171216150        8.8421500365909053E-002   4.0971556049005951E-002   4.0971556049005951E-002   2.3122689623783846E-002   9.4841826793793139E-003   9.4841826793793139E-003   9.4841826793793139E-003   9.4841826793793139E-003   9.4841826793793139E-003   9.4841826793793139E-003   9.4841826793793139E-003
  0.32080796764728947       0.15076219719056191       0.15076219719056191       0.11774144171216150        8.8421500365909053E-002   4.0971556049005951E-002   4.0971556049005951E-002   2.3122689623783846E-002   9.4841826793793139E-003   9.4841826793793139E-003   9.4841826793793139E-003   9.4841826793793139E-003   9.4841826793793139E-003   9.4841826793793139E-003   9.4841826793793139E-003
  0.32080796764728947       0.15076219719056191       0.15076219719056191       0.11774144171216150        8.8421500365909053E-002   4.0971556049005951E-002   4.0971556049005951E-002   2.3122689623783846E-002   9.4841826793793139E-003   9.4841826793793139E-003   9.4841826793793139E-003   9.4841826793793139E-003   9.4841826793793139E-003   9.4841826793793139E-003   9.4841826793793139E-003
  0.32080796764728947       0.15076219719056191       0.15076219719056191       0.11774144171216150        8.8421500365909053E-002   4.0971556049005951E-002   4.0971556049005951E-002   2.3122689623783846E-002   9.4841826793793139E-003   9.4841826793793139E-003   9.4841826793793139E-003   9.4841826793793139E-003   9.4841826793793139E-003   9.4841826793793139E-003   9.4841826793793139E-003
  0.32080796764728947       0.15076219719056191       0.15076219719056191       0.11774144171216150        8.8421500365909053E-002   4.0971556049005951E-002   4.0971556049005951E-002   2.3122689623783846E-002   9.4841826793793139E-003   9.4841826793793139E-003   9.4841826793793139E-003   9.4841826793793139E-003   9.4841826793793139E-003   9.4841826793793139E-003   9.4841826793793139E-003
  0.32080796764728947       0.15076219719056191       0.15076219719056191       0.11774144171216150        8.8421500365909053E-002   4.0971556049005951E-002   4.0971556049005951E-002   2.3122689623783846E-002   9.4841826793793139E-003   9.4841826793793139E-003   9.4841826793793139E-003   9.4841826793793139E-003   9.4841826793793139E-003   9.4841826793793139E-003   9.4841826793793139E-003
  0.32080796764728947       0.15076219719056191       0.15076219719056191       0.11774144171216150        8.8421500365909053E-002   4.0971556049005951E-002   4.0971556049005951E-002   2.3122689623783846E-002   9.4841826793793139E-003   9.4841826793793139E-003   9.4841826793793139E-003   9.4841826793793139E-003   9.4841826793793139E-003   9.4841826793793139E-003   9.4841826793793139E-003
  0.32080796764728947       0.15076219719056191       0.15076219719056191       0.11774144171216150        8.8421500365909053E-002   4.0971556049005951E-002   4.0971556049005951E-002   2.3122689623783846E-002   9.4841826793793139E-003   9.4841826793793139E-003   9.4841826793793139E-003   9.4841826793793139E-003   9.4841826793793139E-003   9.4841826793793139E-003   9.4841826793793139E-003
  0.32080796764728947       0.15076219719056191       0.15076219719056191       0.11774144171216150        8.8421500365909053E-002   4.0971556049005951E-002   4.0971556049005951E-002   2.3122689623783846E-002   9.4841826793793139E-003   9.4841826793793139E-003   9.4841826793793139E-003   9.4841826793793139E-003   9.4841826793793139E-003   9.4841826793793139E-003   9.4841826793793139E-003
